
4,774810e-007 0,000000e+000
4,773250e-007 0,000000e+000
4,768690e-007 0,000000e+000
4,775140e-007 0,000000e+000
4,765760e-007 0,000000e+000
4,768490e-007 0,000000e+000
4,770640e-007 0,000000e+000
4,773410e-007 0,000000e+000
4,765610e-007 0,000000e+000
4,774500e-007 0,000000e+000
4,777160e-007 0,000000e+000
4,777010e-007 0,000000e+000
4,778010e-007 0,000000e+000
4,774250e-007 0,000000e+000
4,772690e-007 0,000000e+000
4,767880e-007 0,000000e+000
4,763890e-007 0,000000e+000
4,765490e-007 0,000000e+000
4,768180e-007 0,000000e+000
4,768000e-007 0,000000e+000
4,761530e-007 0,000000e+000
4,771730e-007 0,000000e+000
4,771300e-007 0,000000e+000
4,771450e-007 0,000000e+000
4,770980e-007 0,000000e+000
4,768930e-007 0,000000e+000
4,764580e-007 0,000000e+000
4,771240e-007 0,000000e+000
4,774900e-007 0,000000e+000
4,775440e-007 0,000000e+000
4,772980e-007 0,000000e+000
4,767880e-007 0,000000e+000
4,774250e-007 0,000000e+000
4,765730e-007 0,000000e+000
4,770180e-007 0,000000e+000
4,775290e-007 0,000000e+000
4,769890e-007 0,000000e+000
4,768930e-007 0,000000e+000
4,774450e-007 0,000000e+000
4,777280e-007 0,000000e+000
4,770450e-007 0,000000e+000
4,770530e-007 0,000000e+000
4,773050e-007 0,000000e+000
4,761770e-007 0,000000e+000
4,761000e-007 0,000000e+000
4,765700e-007 0,000000e+000
4,759400e-007 0,000000e+000
4,761700e-007 0,000000e+000
4,770320e-007 0,000000e+000
4,770250e-007 0,000000e+000
4,772160e-007 0,000000e+000
4,761220e-007 0,000000e+000
4,762850e-007 0,000000e+000
4,762900e-007 0,000000e+000
4,774400e-007 0,000000e+000
4,769410e-007 0,000000e+000
4,775170e-007 0,000000e+000
4,764020e-007 0,000000e+000
4,763720e-007 0,000000e+000
4,774450e-007 0,000000e+000
4,769410e-007 0,000000e+000
4,776500e-007 0,000000e+000
4,769920e-007 0,000000e+000
4,764500e-007 0,000000e+000
4,774370e-007 0,000000e+000
4,775850e-007 0,000000e+000
4,772000e-007 0,000000e+000
4,777810e-007 0,000000e+000
4,774120e-007 0,000000e+000
4,777460e-007 0,000000e+000
4,773770e-007 0,000000e+000
4,766450e-007 0,000000e+000
4,769460e-007 0,000000e+000
4,766170e-007 0,000000e+000
4,762810e-007 0,000000e+000
4,767970e-007 0,000000e+000
4,766660e-007 0,000000e+000
4,768970e-007 0,000000e+000
4,760010e-007 0,000000e+000
4,764560e-007 0,000000e+000
4,768449e-007 0,000000e+000
4,770720e-007 0,000000e+000
4,770650e-007 0,000000e+000
4,767760e-007 0,000000e+000
4,761810e-007 0,000000e+000
4,766570e-007 0,000000e+000
4,768370e-007 0,000000e+000
4,767570e-007 0,000000e+000
4,764770e-007 0,000000e+000
4,774120e-007 0,000000e+000
4,769860e-007 0,000000e+000
4,766800e-007 0,000000e+000
4,766500e-007 0,000000e+000
4,770760e-007 0,000000e+000
4,769810e-007 0,000000e+000
4,767250e-007 0,000000e+000
4,778050e-007 0,000000e+000
4,774400e-007 0,000000e+000
4,774850e-007 0,000000e+000
4,760900e-007 0,000000e+000
4,767130e-007 0,000000e+000
4,766900e-007 0,000000e+000
4,766480e-007 0,000000e+000
4,762090e-007 0,000000e+000
4,763200e-007 0,000000e+000
4,767890e-007 0,000000e+000
4,761250e-007 0,000000e+000
4,768100e-007 0,000000e+000
4,760680e-007 0,000000e+000
4,765051e-007 0,000000e+000
4,767080e-007 0,000000e+000
9,536340e-007 0,000000e+000
4,761530e-007 0,000000e+000
4,774810e-007 0,000000e+000
1,905940e-006 0,000000e+000
1,908596e-006 0,000000e+000
9,536340e-007 0,000000e+000
4,761530e-007 0,000000e+000
4,774810e-007 0,000000e+000
4,761530e-007 0,000000e+000
4,774810e-007 0,000000e+000
4,761530e-007 0,000000e+000
4,774810e-007 0,000000e+000
3,810552e-006 0,000000e+000
3,813208e-006 0,000000e+000
1,905940e-006 0,000000e+000
3,815864e-006 0,000000e+000
1,908596e-006 0,000000e+000
3,818520e-006 0,000000e+000
9,536340e-007 0,000000e+000
4,774810e-007 0,000000e+000
4,761530e-007 0,000000e+000
4,761530e-007 0,000000e+000
4,774810e-007 0,000000e+000
4,761530e-007 0,000000e+000
4,774810e-007 0,000000e+000
4,761530e-007 0,000000e+000
4,774810e-007 0,000000e+000
4,761530e-007 0,000000e+000
4,774810e-007 0,000000e+000
4,761530e-007 0,000000e+000
3,813208e-006 0,000000e+000
3,810552e-006 0,000000e+000
7,619776e-006 0,000000e+000
7,622432e-006 0,000000e+000
1,905940e-006 0,000000e+000
7,625088e-006 0,000000e+000
3,815864e-006 0,000000e+000
7,630400e-006 0,000000e+000
3,818520e-006 0,000000e+000
7,635712e-006 0,000000e+000
7,638368e-006 0,000000e+000
4,774810e-007 0,000000e+000
4,761530e-007 0,000000e+000
4,761530e-007 0,000000e+000
4,774810e-007 0,000000e+000
4,774810e-007 0,000000e+000
4,774810e-007 0,000000e+000
4,761530e-007 0,000000e+000
4,774810e-007 0,000000e+000
4,774810e-007 0,000000e+000
4,761530e-007 0,000000e+000
4,761530e-007 0,000000e+000
4,774810e-007 0,000000e+000
4,761530e-007 0,000000e+000
4,761530e-007 0,000000e+000
4,774810e-007 0,000000e+000
7,619776e-006 0,000000e+000
1,523822e-005 0,000000e+000
1,524354e-005 0,000000e+000
1,524885e-005 0,000000e+000
1,525416e-005 0,000000e+000
1,525682e-005 0,000000e+000
7,625088e-006 0,000000e+000
1,525947e-005 0,000000e+000
7,633056e-006 0,000000e+000
1,526478e-005 0,000000e+000
7,638368e-006 0,000000e+000
1,527806e-005 0,000000e+000
9,536340e-007 0,000000e+000
1,526213e-005 0,000000e+000
7,635712e-006 0,000000e+000
3,815864e-006 0,000000e+000
4,761530e-007 0,000000e+000
4,761530e-007 0,000000e+000
4,761530e-007 0,000000e+000
4,761530e-007 0,000000e+000
4,761530e-007 0,000000e+000
4,761530e-007 0,000000e+000
4,774810e-007 0,000000e+000
4,774810e-007 0,000000e+000
4,761530e-007 0,000000e+000
4,761530e-007 0,000000e+000
4,761530e-007 0,000000e+000
4,774810e-007 0,000000e+000
4,761530e-007 0,000000e+000
4,774810e-007 0,000000e+000
4,761530e-007 0,000000e+000
4,761530e-007 0,000000e+000
4,774810e-007 0,000000e+000
4,761530e-007 0,000000e+000
4,761530e-007 0,000000e+000
3,049637e-005 0,000000e+000
1,525150e-005 0,000000e+000
3,050168e-005 0,000000e+000
3,051496e-005 0,000000e+000
1,523822e-005 0,000000e+000
3,047512e-005 0,000000e+000
3,048043e-005 0,000000e+000
1,525682e-005 0,000000e+000
3,048574e-005 0,000000e+000
1,905940e-006 0,000000e+000
3,049106e-005 0,000000e+000
3,049371e-005 0,000000e+000
1,525416e-005 0,000000e+000
7,625088e-006 0,000000e+000
1,526478e-005 0,000000e+000
3,053621e-005 0,000000e+000
3,055746e-005 0,000000e+000
3,054152e-005 0,000000e+000
3,054418e-005 0,000000e+000
4,774810e-007 0,000000e+000
4,774810e-007 0,000000e+000
4,774810e-007 0,000000e+000
4,761530e-007 0,000000e+000
4,761530e-007 0,000000e+000
4,761530e-007 0,000000e+000
4,761530e-007 0,000000e+000
4,761530e-007 0,000000e+000
4,761530e-007 0,000000e+000
4,774810e-007 0,000000e+000
4,761530e-007 0,000000e+000
4,774810e-007 0,000000e+000
4,774810e-007 0,000000e+000
4,761530e-007 0,000000e+000
4,761530e-007 0,000000e+000
4,774810e-007 0,000000e+000
4,761530e-007 0,000000e+000
4,774810e-007 0,000000e+000
4,761530e-007 0,000000e+000
4,774810e-007 0,000000e+000
6,098875e-005 0,000000e+000
3,047512e-005 0,000000e+000
6,094891e-005 0,000000e+000
6,095422e-005 0,000000e+000
6,095954e-005 0,000000e+000
3,049371e-005 0,000000e+000
6,096485e-005 0,000000e+000
6,101531e-005 0,000000e+000
6,101000e-005 0,000000e+000
3,050168e-005 0,000000e+000
1,524354e-005 0,000000e+000
6,105515e-005 0,000000e+000
3,053090e-005 0,000000e+000
6,106046e-005 0,000000e+000
6,109499e-005 0,000000e+000
6,111624e-005 0,000000e+000
3,815864e-006 0,000000e+000
6,105249e-005 0,000000e+000
3,053355e-005 0,000000e+000
6,110297e-005 0,000000e+000
4,774810e-007 0,000000e+000
4,761530e-007 0,000000e+000
4,761530e-007 0,000000e+000
4,774810e-007 0,000000e+000
4,774810e-007 0,000000e+000
4,774810e-007 0,000000e+000
4,761530e-007 0,000000e+000
4,774810e-007 0,000000e+000
4,774810e-007 0,000000e+000
4,774810e-007 0,000000e+000
4,761530e-007 0,000000e+000
4,774810e-007 0,000000e+000
4,774810e-007 0,000000e+000
4,774810e-007 0,000000e+000
4,774810e-007 0,000000e+000
4,761530e-007 0,000000e+000
4,774810e-007 0,000000e+000
4,761530e-007 0,000000e+000
4,774810e-007 0,000000e+000
4,774810e-007 0,000000e+000
6,094891e-005 0,000000e+000
1,218965e-004 0,000000e+000
1,220638e-004 0,000000e+000
1,219124e-004 0,000000e+000
1,220001e-004 0,000000e+000
3,048043e-005 0,000000e+000
1,221727e-004 0,000000e+000
6,108968e-005 0,000000e+000
1,221780e-004 0,000000e+000
1,221063e-004 0,000000e+000
6,106046e-005 0,000000e+000
1,220718e-004 0,000000e+000
1,220771e-004 0,000000e+000
6,105249e-005 0,000000e+000
1,222126e-004 0,000000e+000
7,635712e-006 0,000000e+000
1,221276e-004 0,000000e+000
1,221329e-004 0,000000e+000
6,109234e-005 0,000000e+000
1,222205e-004 0,000000e+000
4,774810e-007 0,000000e+000
4,774810e-007 0,000000e+000
4,774810e-007 0,000000e+000
4,761530e-007 0,000000e+000
4,774810e-007 0,000000e+000
4,774810e-007 0,000000e+000
4,761530e-007 0,000000e+000
4,774810e-007 0,000000e+000
4,774810e-007 0,000000e+000
4,761530e-007 0,000000e+000
4,761530e-007 0,000000e+000
4,774810e-007 0,000000e+000
4,761530e-007 0,000000e+000
4,774810e-007 0,000000e+000
4,774810e-007 0,000000e+000
4,774810e-007 0,000000e+000
4,774810e-007 0,000000e+000
4,761530e-007 0,000000e+000
4,761530e-007 0,000000e+000
4,774810e-007 0,000000e+000
4,774810e-007 0,000000e+000
2,440679e-004 0,000000e+000
2,440015e-004 0,000000e+000
1,220080e-004 0,000000e+000
2,439670e-004 0,000000e+000
2,438076e-004 0,000000e+000
2,440281e-004 0,000000e+000
2,440227e-004 0,000000e+000
1,222072e-004 0,000000e+000
2,444132e-004 0,000000e+000
1,220665e-004 0,000000e+000
2,441316e-004 0,000000e+000
2,443123e-004 0,000000e+000
1,221701e-004 0,000000e+000
2,444477e-004 0,000000e+000
2,442989e-004 0,000000e+000
1,527541e-005 0,000000e+000
2,442352e-004 0,000000e+000
1,222099e-004 0,000000e+000
1,221780e-004 0,000000e+000
2,444557e-004 0,000000e+000
6,103922e-005 0,000000e+000
4,761530e-007 0,000000e+000
4,774810e-007 0,000000e+000
4,761530e-007 0,000000e+000
4,761530e-007 0,000000e+000
4,761530e-007 0,000000e+000
4,774810e-007 0,000000e+000
4,761530e-007 0,000000e+000
4,774810e-007 0,000000e+000
4,774810e-007 0,000000e+000
4,774810e-007 0,000000e+000
4,774810e-007 0,000000e+000
4,761530e-007 0,000000e+000
4,761530e-007 0,000000e+000
4,774810e-007 0,000000e+000
4,761530e-007 0,000000e+000
4,761530e-007 0,000000e+000
4,761530e-007 0,000000e+000
4,761530e-007 0,000000e+000
4,774810e-007 0,000000e+000
4,774810e-007 0,000000e+000
4,774810e-007 0,000000e+000
4,761530e-007 0,000000e+000
4,878582e-004 0,000000e+000
4,879220e-004 0,000000e+000
2,439032e-004 0,000000e+000
4,877573e-004 0,000000e+000
4,881026e-004 0,000000e+000
4,880893e-004 0,000000e+000
4,882381e-004 0,000000e+000
3,051230e-005 0,000000e+000
4,875979e-004 0,000000e+000
4,880255e-004 0,000000e+000
4,878131e-004 0,000000e+000
1,219868e-004 0,000000e+000
2,444424e-004 0,000000e+000
4,888835e-004 0,000000e+000
2,443016e-004 0,000000e+000
4,884718e-004 0,000000e+000
2,444052e-004 0,000000e+000
4,884930e-004 0,000000e+000
4,884984e-004 0,000000e+000
2,444451e-004 0,000000e+000
4,889260e-004 0,000000e+000
2,444132e-004 0,000000e+000
4,774810e-007 0,000000e+000
4,774810e-007 0,000000e+000
4,774810e-007 0,000000e+000
4,774810e-007 0,000000e+000
4,774810e-007 0,000000e+000
4,774810e-007 0,000000e+000
4,774810e-007 0,000000e+000
4,774810e-007 0,000000e+000
4,761530e-007 0,000000e+000
4,761530e-007 0,000000e+000
4,761530e-007 0,000000e+000
4,761530e-007 0,000000e+000
4,761530e-007 0,000000e+000
4,761530e-007 0,000000e+000
4,774810e-007 0,000000e+000
4,774810e-007 0,000000e+000
4,774810e-007 0,000000e+000
4,761530e-007 0,000000e+000
4,774810e-007 0,000000e+000
4,761530e-007 0,000000e+000
4,761530e-007 0,000000e+000
4,774810e-007 0,000000e+000
4,882327e-004 0,000000e+000
9,764641e-004 0,000000e+000
9,751786e-004 0,000000e+000
9,760737e-004 0,000000e+000
9,756062e-004 0,000000e+000
9,753937e-004 0,000000e+000
4,882354e-004 0,000000e+000
9,765066e-004 0,000000e+000
2,438820e-004 0,000000e+000
9,767988e-004 0,000000e+000
9,774123e-004 0,000000e+000
4,887719e-004 0,000000e+000
9,768625e-004 0,000000e+000
4,883735e-004 0,000000e+000
9,766979e-004 0,000000e+000
9,770432e-004 0,000000e+000
4,888755e-004 0,000000e+000
9,771786e-004 0,000000e+000
9,770298e-004 0,000000e+000
6,107108e-005 0,000000e+000
9,774389e-004 0,000000e+000
4,888835e-004 0,000000e+000
4,761530e-007 0,000000e+000
4,761530e-007 0,000000e+000
4,761530e-007 0,000000e+000
4,761530e-007 0,000000e+000
4,774810e-007 0,000000e+000
4,774810e-007 0,000000e+000
4,761530e-007 0,000000e+000
4,774810e-007 0,000000e+000
4,761530e-007 0,000000e+000
4,761530e-007 0,000000e+000
4,761530e-007 0,000000e+000
4,761530e-007 0,000000e+000
4,761530e-007 0,000000e+000
4,774810e-007 0,000000e+000
4,774810e-007 0,000000e+000
4,774810e-007 0,000000e+000
4,761530e-007 0,000000e+000
4,774810e-007 0,000000e+000
4,774810e-007 0,000000e+000
4,774810e-007 0,000000e+000
4,774810e-007 0,000000e+000
4,761530e-007 0,000000e+000
1,951960e-003 0,000000e+000
9,758134e-004 0,000000e+000
1,951625e-003 0,000000e+000
1,952574e-003 0,000000e+000
9,763526e-004 0,000000e+000
1,952024e-003 0,000000e+000
9,764562e-004 0,000000e+000
1,950340e-003 0,000000e+000
1,951235e-003 0,000000e+000
9,764641e-004 0,000000e+000
9,758160e-004 0,000000e+000
4,876723e-004 0,000000e+000
9,773141e-004 0,000000e+000
1,954579e-003 0,000000e+000
1,954924e-003 0,000000e+000
1,955060e-003 0,000000e+000
1,954911e-003 0,000000e+000
1,221886e-004 0,000000e+000
1,953487e-003 0,000000e+000
1,955320e-003 0,000000e+000
1,953275e-003 0,000000e+000
1,954388e-003 0,000000e+000
4,761530e-007 0,000000e+000
4,774810e-007 0,000000e+000
4,761530e-007 0,000000e+000
4,774810e-007 0,000000e+000
4,774810e-007 0,000000e+000
4,774810e-007 0,000000e+000
4,774810e-007 0,000000e+000
4,774810e-007 0,000000e+000
4,774810e-007 0,000000e+000
4,774810e-007 0,000000e+000
4,761530e-007 0,000000e+000
4,774810e-007 0,000000e+000
4,774810e-007 0,000000e+000
4,774810e-007 0,000000e+000
4,774810e-007 0,000000e+000
4,774810e-007 0,000000e+000
4,774810e-007 0,000000e+000
4,761530e-007 0,000000e+000
4,774810e-007 0,000000e+000
4,761530e-007 0,000000e+000
4,761530e-007 0,000000e+000
4,761530e-007 0,000000e+000
3,902283e-003 0,000000e+000
3,901948e-003 0,000000e+000
2,440838e-004 0,000000e+000
3,905643e-003 0,000000e+000
3,903598e-003 0,000000e+000
1,950977e-003 0,000000e+000
3,904711e-003 0,000000e+000
1,953695e-003 0,000000e+000
3,908336e-003 0,000000e+000
1,954234e-003 0,000000e+000
3,907786e-003 0,000000e+000
1,955195e-003 0,000000e+000
3,910341e-003 0,000000e+000
3,910687e-003 0,000000e+000
1,954337e-003 0,000000e+000
3,910822e-003 0,000000e+000
3,910673e-003 0,000000e+000
3,906102e-003 0,000000e+000
3,906997e-003 0,000000e+000
3,909250e-003 0,000000e+000
1,954345e-003 0,000000e+000
9,766128e-004 0,000000e+000
4,774810e-007 0,000000e+000
4,774810e-007 0,000000e+000
4,774810e-007 0,000000e+000
4,774810e-007 0,000000e+000
4,761530e-007 0,000000e+000
4,761530e-007 0,000000e+000
4,761530e-007 0,000000e+000
4,761530e-007 0,000000e+000
4,774810e-007 0,000000e+000
4,761530e-007 0,000000e+000
4,761530e-007 0,000000e+000
4,774810e-007 0,000000e+000
4,774810e-007 0,000000e+000
4,761530e-007 0,000000e+000
4,761530e-007 0,000000e+000
4,774810e-007 0,000000e+000
4,774810e-007 0,000000e+000
4,761530e-007 0,000000e+000
4,774810e-007 0,000000e+000
4,774810e-007 0,000000e+000
4,774810e-007 0,000000e+000
4,774810e-007 0,000000e+000
3,904017e-003 0,000000e+000
3,904556e-003 0,000000e+000
7,808432e-003 0,000000e+000
3,904660e-003 0,000000e+000
7,811332e-003 0,000000e+000
7,806747e-003 0,000000e+000
7,804243e-003 0,000000e+000
3,901300e-003 0,000000e+000
7,805356e-003 0,000000e+000
7,813808e-003 0,000000e+000
7,813472e-003 0,000000e+000
7,819861e-003 0,000000e+000
3,910958e-003 0,000000e+000
7,821865e-003 0,000000e+000
7,822346e-003 0,000000e+000
7,822197e-003 0,000000e+000
4,885541e-004 0,000000e+000
7,818522e-003 0,000000e+000
7,820774e-003 0,000000e+000
7,817168e-003 0,000000e+000
3,910108e-003 0,000000e+000
1,954494e-003 0,000000e+000
4,774810e-007 0,000000e+000
4,761530e-007 0,000000e+000
4,774810e-007 0,000000e+000
4,774810e-007 0,000000e+000
4,774810e-007 0,000000e+000
4,774810e-007 0,000000e+000
3,904556e-003 0,000000e+000
4,761530e-007 0,000000e+000
4,761530e-007 0,000000e+000
4,774810e-007 0,000000e+000
4,761530e-007 0,000000e+000
4,885541e-004 0,000000e+000
4,774810e-007 0,000000e+000
4,761530e-007 0,000000e+000
1,954494e-003 0,000000e+000
1,562333e-002 0,000000e+000
7,811408e-003 0,000000e+000
1,562141e-002 0,000000e+000
1,562361e-002 0,000000e+000
1,562897e-002 0,000000e+000
7,811603e-003 0,000000e+000
1,562349e-002 0,000000e+000
1,562206e-002 0,000000e+000
1,560972e-002 0,000000e+000
1,562316e-002 0,000000e+000
7,815542e-003 0,000000e+000
1,563438e-002 0,000000e+000
1,564540e-002 0,000000e+000
1,563686e-002 0,000000e+000
7,816184e-003 0,000000e+000
1,564157e-002 0,000000e+000
1,563652e-002 0,000000e+000
4,774810e-007 0,000000e+000
4,774810e-007 0,000000e+000
4,774810e-007 0,000000e+000
4,774810e-007 0,000000e+000
4,774810e-007 0,000000e+000
4,774810e-007 0,000000e+000
4,774810e-007 0,000000e+000
4,774810e-007 0,000000e+000
7,816184e-003 0,000000e+000
4,761530e-007 0,000000e+000
3,126675e-002 0,000000e+000
3,126363e-002 0,000000e+000
3,126888e-002 0,000000e+000
3,123870e-002 0,000000e+000
3,123910e-002 0,000000e+000
3,128295e-002 0,000000e+000
1,563859e-002 0,000000e+000
3,126751e-002 0,000000e+000
1,563446e-002 0,000000e+000
3,126943e-002 0,000000e+000
1,563465e-002 0,000000e+000
3,126925e-002 0,000000e+000
3,126971e-002 0,000000e+000
4,774810e-007 0,000000e+000
4,774810e-007 0,000000e+000
4,774810e-007 0,000000e+000
4,774810e-007 0,000000e+000
1,563446e-002 0,000000e+000
1,563465e-002 0,000000e+000
4,774810e-007 0,000000e+000
6,253856e-002 0,000000e+000
6,253834e-002 0,000000e+000
6,247780e-002 0,000000e+000
6,253114e-002 0,000000e+000
3,126971e-002 0,000000e+000
3,126675e-002 0,000000e+000
3,128295e-002 0,000000e+000
3,128469e-002 0,000000e+000
3,126888e-002 0,000000e+000
4,774810e-007 0,000000e+000
3,128469e-002 0,000000e+000
9,385233e-002 0,000000e+000
6,253563e-002 0,000000e+000
1,250695e-001 0,000000e+000
1,250164e-001 0,000000e+000
3,126971e-002 0,000000e+000
4,774810e-007 0,000000e+000
4,774810e-007 0,000000e+000
4,774810e-007 0,000000e+000
1,563392e-001 0,000000e+000
6,253563e-002 0,000000e+000
1,250164e-001 0,000000e+000
9,385233e-002 0,000000e+000
2,188687e-001 0,000000e+000
2,188748e-001 0,000000e+000
4,377435e-001 0,000000e+000