4
0.250000 0.000000 0.250000 0.000000 0.250000 0.000000 0.250000 0.000000 0.250000 0.000000 0.250000 0.000000 0.250000 0.000000 0.250000 0.000000 0.250000 0.000000 0.250000 0.000000 0.250000 0.000000 0.250000 0.000000 0.250000 0.000000 0.250000 0.000000 0.250000 0.000000 0.250000 0.000000 
0.250000 0.000000 0.230970 0.095671 0.176777 0.176777 0.095671 0.230970 -0.000000 0.250000 -0.095671 0.230970 -0.176777 0.176777 -0.230970 0.095671 -0.250000 -0.000000 -0.230970 -0.095671 -0.176777 -0.176777 -0.095671 -0.230970 0.000000 -0.250000 0.095671 -0.230970 0.176777 -0.176777 0.230970 -0.095671 
0.250000 0.000000 0.176777 0.176777 -0.000000 0.250000 -0.176777 0.176777 -0.250000 -0.000000 -0.176777 -0.176777 0.000000 -0.250000 0.176777 -0.176777 0.250000 0.000000 0.176777 0.176777 -0.000000 0.250000 -0.176777 0.176777 -0.250000 -0.000000 -0.176777 -0.176777 0.000000 -0.250000 0.176777 -0.176777 
0.250000 0.000000 0.095671 0.230970 -0.176777 0.176777 -0.230970 -0.095671 0.000000 -0.250000 0.230970 -0.095671 0.176777 0.176777 -0.095671 0.230970 -0.250000 -0.000000 -0.095671 -0.230970 0.176777 -0.176777 0.230970 0.095671 -0.000000 0.250000 -0.230970 0.095671 -0.176777 -0.176777 0.095671 -0.230970 
0.250000 0.000000 -0.000000 0.250000 -0.250000 -0.000000 0.000000 -0.250000 0.250000 0.000000 -0.000000 0.250000 -0.250000 -0.000000 0.000000 -0.250000 0.250000 0.000000 -0.000000 0.250000 -0.250000 -0.000000 0.000000 -0.250000 0.250000 0.000000 -0.000000 0.250000 -0.250000 -0.000000 0.000000 -0.250000 
0.250000 0.000000 -0.095671 0.230970 -0.176777 -0.176777 0.230970 -0.095671 -0.000000 0.250000 -0.230970 -0.095671 0.176777 -0.176777 0.095671 0.230970 -0.250000 -0.000000 0.095671 -0.230970 0.176777 0.176777 -0.230970 0.095671 0.000000 -0.250000 0.230970 0.095671 -0.176777 0.176776 -0.095671 -0.230970 
0.250000 0.000000 -0.176777 0.176777 0.000000 -0.250000 0.176777 0.176777 -0.250000 -0.000000 0.176777 -0.176777 -0.000000 0.250000 -0.176777 -0.176777 0.250000 0.000000 -0.176777 0.176777 0.000000 -0.250000 0.176777 0.176777 -0.250000 -0.000000 0.176777 -0.176777 -0.000000 0.250000 -0.176777 -0.176777 
0.250000 0.000000 -0.230970 0.095671 0.176777 -0.176777 -0.095671 0.230970 0.000000 -0.250000 0.095671 0.230970 -0.176777 -0.176777 0.230970 0.095671 -0.250000 -0.000000 0.230970 -0.095671 -0.176777 0.176776 0.095671 -0.230970 -0.000000 0.250000 -0.095670 -0.230970 0.176776 0.176777 -0.230970 -0.095671 
0.250000 0.000000 -0.250000 -0.000000 0.250000 0.000000 -0.250000 -0.000000 0.250000 0.000000 -0.250000 -0.000000 0.250000 0.000000 -0.250000 -0.000000 0.250000 0.000000 -0.250000 -0.000000 0.250000 0.000000 -0.250000 -0.000001 0.250000 0.000000 -0.250000 -0.000000 0.250000 0.000001 -0.250000 -0.000000 
0.250000 0.000000 -0.230970 -0.095671 0.176777 0.176777 -0.095671 -0.230970 -0.000000 0.250000 0.095671 -0.230970 -0.176777 0.176777 0.230970 -0.095671 -0.250000 -0.000000 0.230970 0.095671 -0.176777 -0.176777 0.095671 0.230970 0.000001 -0.250000 -0.095671 0.230970 0.176777 -0.176776 -0.230970 0.095670 
0.250000 0.000000 -0.176777 -0.176777 -0.000000 0.250000 0.176777 -0.176777 -0.250000 -0.000000 0.176777 0.176777 0.000000 -0.250000 -0.176777 0.176776 0.250000 0.000000 -0.176777 -0.176777 -0.000000 0.250000 0.176777 -0.176777 -0.250000 -0.000000 0.176777 0.176777 0.000001 -0.250000 -0.176777 0.176776 
0.250000 0.000000 -0.095671 -0.230970 -0.176777 0.176777 0.230970 0.095671 0.000000 -0.250000 -0.230970 0.095671 0.176777 0.176777 0.095671 -0.230970 -0.250000 -0.000001 0.095671 0.230970 0.176777 -0.176777 -0.230970 -0.095671 -0.000001 0.250000 0.230970 -0.095670 -0.176777 -0.176777 -0.095671 0.230970 
0.250000 0.000000 0.000000 -0.250000 -0.250000 -0.000000 -0.000000 0.250000 0.250000 0.000000 0.000000 -0.250000 -0.250000 -0.000000 -0.000000 0.250000 0.250000 0.000000 0.000001 -0.250000 -0.250000 -0.000000 -0.000001 0.250000 0.250000 0.000000 0.000001 -0.250000 -0.250000 -0.000001 -0.000001 0.250000 
0.250000 0.000000 0.095671 -0.230970 -0.176777 -0.176777 -0.230970 0.095671 -0.000000 0.250000 0.230970 0.095671 0.176777 -0.176777 -0.095670 -0.230970 -0.250000 -0.000000 -0.095671 0.230970 0.176777 0.176777 0.230970 -0.095670 0.000001 -0.250000 -0.230969 -0.095672 -0.176777 0.176776 0.095670 0.230970 
0.250000 0.000000 0.176777 -0.176777 0.000000 -0.250000 -0.176777 -0.176777 -0.250000 -0.000000 -0.176777 0.176776 -0.000000 0.250000 0.176776 0.176777 0.250000 0.000001 0.176777 -0.176776 0.000001 -0.250000 -0.176777 -0.176777 -0.250000 -0.000001 -0.176777 0.176776 -0.000001 0.250000 0.176776 0.176778 
0.250000 0.000000 0.230970 -0.095671 0.176777 -0.176777 0.095671 -0.230970 0.000000 -0.250000 -0.095671 -0.230970 -0.176777 -0.176777 -0.230970 -0.095671 -0.250000 -0.000000 -0.230970 0.095670 -0.176777 0.176776 -0.095671 0.230970 -0.000001 0.250000 0.095670 0.230970 0.176776 0.176778 0.230970 0.095671 
