7 128
128
0.088388 0.000000 0.088282 0.004337 0.087963 0.008664 0.087432 0.012969 0.086690 0.017244 0.085739 0.021477 0.084582 0.025658 0.083222 0.029777 0.081660 0.033825 0.079902 0.037791 0.077952 0.041666 0.075813 0.045441 0.073492 0.049106 0.070994 0.052653 0.068325 0.056073 0.065491 0.059358 0.062500 0.062500 0.059358 0.065491 0.056073 0.068325 0.052653 0.070994 0.049106 0.073492 0.045441 0.075813 0.041666 0.077952 0.037791 0.079902 0.033825 0.081660 0.029777 0.083222 0.025658 0.084582 0.021477 0.085739 0.017244 0.086690 0.012969 0.087432 0.008664 0.087963 0.004337 0.088282 0.000000 0.088388 -0.004337 0.088282 -0.008664 0.087963 -0.012969 0.087432 -0.017244 0.086690 -0.021477 0.085739 -0.025658 0.084582 -0.029777 0.083222 -0.033825 0.081660 -0.037791 0.079902 -0.041666 0.077952 -0.045441 0.075813 -0.049106 0.073492 -0.052653 0.070994 -0.056073 0.068325 -0.059358 0.065491 -0.062500 0.062500 -0.065491 0.059358 -0.068325 0.056073 -0.070994 0.052653 -0.073492 0.049106 -0.075813 0.045441 -0.077952 0.041666 -0.079902 0.037791 -0.081660 0.033825 -0.083222 0.029777 -0.084582 0.025658 -0.085739 0.021477 -0.086690 0.017244 -0.087432 0.012969 -0.087963 0.008664 -0.088282 0.004337 -0.088388 0.000000 -0.088282 -0.004337 -0.087963 -0.008664 -0.087432 -0.012969 -0.086690 -0.017244 -0.085739 -0.021477 -0.084582 -0.025658 -0.083222 -0.029777 -0.081660 -0.033825 -0.079902 -0.037791 -0.077952 -0.041666 -0.075813 -0.045441 -0.073492 -0.049106 -0.070994 -0.052653 -0.068325 -0.056073 -0.065491 -0.059358 -0.062500 -0.062500 -0.059358 -0.065491 -0.056073 -0.068325 -0.052653 -0.070994 -0.049106 -0.073492 -0.045441 -0.075813 -0.041666 -0.077952 -0.037791 -0.079902 -0.033825 -0.081660 -0.029777 -0.083222 -0.025658 -0.084582 -0.021477 -0.085739 -0.017244 -0.086690 -0.012969 -0.087432 -0.008664 -0.087963 -0.004337 -0.088282 -0.000000 -0.088388 0.004337 -0.088282 0.008664 -0.087963 0.012969 -0.087432 0.017244 -0.086690 0.021477 -0.085739 0.025658 -0.084582 0.029777 -0.083222 0.033825 -0.081660 0.037791 -0.079902 0.041666 -0.077952 0.045441 -0.075813 0.049106 -0.073492 0.052653 -0.070994 0.056073 -0.068325 0.059358 -0.065491 0.062500 -0.062500 0.065491 -0.059358 0.068325 -0.056073 0.070994 -0.052653 0.073492 -0.049106 0.075813 -0.045441 0.077952 -0.041666 0.079902 -0.037791 0.081660 -0.033825 0.083222 -0.029777 0.084582 -0.025658 0.085739 -0.021477 0.086690 -0.017244 0.087432 -0.012969 0.087963 -0.008664 0.088282 -0.004337 
0 0 0 0 0 0 0 0 0 0 0 0 0 0 0 0 0 0 0 0 0 0 0 0 0 0 0 0 0 0 0 0 0 0 0 0 0 0 0 0 0 0 0 0 0 0 0 0 0 0 0 0 0 0 0 0 0 0 0 0 0 0 0 0 0 0 0 0 0 0 0 0 0 0 0 0 0 0 0 0 0 0 0 0 0 0 0 0 0 0 0 0 0 0 0 0 0 0 0 0 0 0 0 0 0 0 0 0 0 0 0 0 0 0 0 0 0 0 0 0 0 0 0 0 0 0 0 0 
0 1 2 3 4 5 6 7 8 9 10 11 12 13 14 15 16 17 18 19 20 21 22 23 24 25 26 27 28 29 30 31 32 33 34 35 36 37 38 39 40 41 42 43 44 45 46 47 48 49 50 51 52 53 54 55 56 57 58 59 60 61 62 63 64 65 66 67 68 69 70 71 72 73 74 75 76 77 78 79 80 81 82 83 84 85 86 87 88 89 90 91 92 93 94 95 96 97 98 99 100 101 102 103 104 105 106 107 108 109 110 111 112 113 114 115 116 117 118 119 120 121 122 123 124 125 126 127 
0 2 4 6 8 10 12 14 16 18 20 22 24 26 28 30 32 34 36 38 40 42 44 46 48 50 52 54 56 58 60 62 64 66 68 70 72 74 76 78 80 82 84 86 88 90 92 94 96 98 100 102 104 106 108 110 112 114 116 118 120 122 124 126 0 2 4 6 8 10 12 14 16 18 20 22 24 26 28 30 32 34 36 38 40 42 44 46 48 50 52 54 56 58 60 62 64 66 68 70 72 74 76 78 80 82 84 86 88 90 92 94 96 98 100 102 104 106 108 110 112 114 116 118 120 122 124 126 
0 3 6 9 12 15 18 21 24 27 30 33 36 39 42 45 48 51 54 57 60 63 66 69 72 75 78 81 84 87 90 93 96 99 102 105 108 111 114 117 120 123 126 1 4 7 10 13 16 19 22 25 28 31 34 37 40 43 46 49 52 55 58 61 64 67 70 73 76 79 82 85 88 91 94 97 100 103 106 109 112 115 118 121 124 127 2 5 8 11 14 17 20 23 26 29 32 35 38 41 44 47 50 53 56 59 62 65 68 71 74 77 80 83 86 89 92 95 98 101 104 107 110 113 116 119 122 125 
0 4 8 12 16 20 24 28 32 36 40 44 48 52 56 60 64 68 72 76 80 84 88 92 96 100 104 108 112 116 120 124 0 4 8 12 16 20 24 28 32 36 40 44 48 52 56 60 64 68 72 76 80 84 88 92 96 100 104 108 112 116 120 124 0 4 8 12 16 20 24 28 32 36 40 44 48 52 56 60 64 68 72 76 80 84 88 92 96 100 104 108 112 116 120 124 0 4 8 12 16 20 24 28 32 36 40 44 48 52 56 60 64 68 72 76 80 84 88 92 96 100 104 108 112 116 120 124 
0 5 10 15 20 25 30 35 40 45 50 55 60 65 70 75 80 85 90 95 100 105 110 115 120 125 2 7 12 17 22 27 32 37 42 47 52 57 62 67 72 77 82 87 92 97 102 107 112 117 122 127 4 9 14 19 24 29 34 39 44 49 54 59 64 69 74 79 84 89 94 99 104 109 114 119 124 1 6 11 16 21 26 31 36 41 46 51 56 61 66 71 76 81 86 91 96 101 106 111 116 121 126 3 8 13 18 23 28 33 38 43 48 53 58 63 68 73 78 83 88 93 98 103 108 113 118 123 
0 6 12 18 24 30 36 42 48 54 60 66 72 78 84 90 96 102 108 114 120 126 4 10 16 22 28 34 40 46 52 58 64 70 76 82 88 94 100 106 112 118 124 2 8 14 20 26 32 38 44 50 56 62 68 74 80 86 92 98 104 110 116 122 0 6 12 18 24 30 36 42 48 54 60 66 72 78 84 90 96 102 108 114 120 126 4 10 16 22 28 34 40 46 52 58 64 70 76 82 88 94 100 106 112 118 124 2 8 14 20 26 32 38 44 50 56 62 68 74 80 86 92 98 104 110 116 122 
0 7 14 21 28 35 42 49 56 63 70 77 84 91 98 105 112 119 126 5 12 19 26 33 40 47 54 61 68 75 82 89 96 103 110 117 124 3 10 17 24 31 38 45 52 59 66 73 80 87 94 101 108 115 122 1 8 15 22 29 36 43 50 57 64 71 78 85 92 99 106 113 120 127 6 13 20 27 34 41 48 55 62 69 76 83 90 97 104 111 118 125 4 11 18 25 32 39 46 53 60 67 74 81 88 95 102 109 116 123 2 9 16 23 30 37 44 51 58 65 72 79 86 93 100 107 114 121 
0 8 16 24 32 40 48 56 64 72 80 88 96 104 112 120 0 8 16 24 32 40 48 56 64 72 80 88 96 104 112 120 0 8 16 24 32 40 48 56 64 72 80 88 96 104 112 120 0 8 16 24 32 40 48 56 64 72 80 88 96 104 112 120 0 8 16 24 32 40 48 56 64 72 80 88 96 104 112 120 0 8 16 24 32 40 48 56 64 72 80 88 96 104 112 120 0 8 16 24 32 40 48 56 64 72 80 88 96 104 112 120 0 8 16 24 32 40 48 56 64 72 80 88 96 104 112 120 
0 9 18 27 36 45 54 63 72 81 90 99 108 117 126 7 16 25 34 43 52 61 70 79 88 97 106 115 124 5 14 23 32 41 50 59 68 77 86 95 104 113 122 3 12 21 30 39 48 57 66 75 84 93 102 111 120 1 10 19 28 37 46 55 64 73 82 91 100 109 118 127 8 17 26 35 44 53 62 71 80 89 98 107 116 125 6 15 24 33 42 51 60 69 78 87 96 105 114 123 4 13 22 31 40 49 58 67 76 85 94 103 112 121 2 11 20 29 38 47 56 65 74 83 92 101 110 119 
0 10 20 30 40 50 60 70 80 90 100 110 120 2 12 22 32 42 52 62 72 82 92 102 112 122 4 14 24 34 44 54 64 74 84 94 104 114 124 6 16 26 36 46 56 66 76 86 96 106 116 126 8 18 28 38 48 58 68 78 88 98 108 118 0 10 20 30 40 50 60 70 80 90 100 110 120 2 12 22 32 42 52 62 72 82 92 102 112 122 4 14 24 34 44 54 64 74 84 94 104 114 124 6 16 26 36 46 56 66 76 86 96 106 116 126 8 18 28 38 48 58 68 78 88 98 108 118 
0 11 22 33 44 55 66 77 88 99 110 121 4 15 26 37 48 59 70 81 92 103 114 125 8 19 30 41 52 63 74 85 96 107 118 1 12 23 34 45 56 67 78 89 100 111 122 5 16 27 38 49 60 71 82 93 104 115 126 9 20 31 42 53 64 75 86 97 108 119 2 13 24 35 46 57 68 79 90 101 112 123 6 17 28 39 50 61 72 83 94 105 116 127 10 21 32 43 54 65 76 87 98 109 120 3 14 25 36 47 58 69 80 91 102 113 124 7 18 29 40 51 62 73 84 95 106 117 
0 12 24 36 48 60 72 84 96 108 120 4 16 28 40 52 64 76 88 100 112 124 8 20 32 44 56 68 80 92 104 116 0 12 24 36 48 60 72 84 96 108 120 4 16 28 40 52 64 76 88 100 112 124 8 20 32 44 56 68 80 92 104 116 0 12 24 36 48 60 72 84 96 108 120 4 16 28 40 52 64 76 88 100 112 124 8 20 32 44 56 68 80 92 104 116 0 12 24 36 48 60 72 84 96 108 120 4 16 28 40 52 64 76 88 100 112 124 8 20 32 44 56 68 80 92 104 116 
0 13 26 39 52 65 78 91 104 117 2 15 28 41 54 67 80 93 106 119 4 17 30 43 56 69 82 95 108 121 6 19 32 45 58 71 84 97 110 123 8 21 34 47 60 73 86 99 112 125 10 23 36 49 62 75 88 101 114 127 12 25 38 51 64 77 90 103 116 1 14 27 40 53 66 79 92 105 118 3 16 29 42 55 68 81 94 107 120 5 18 31 44 57 70 83 96 109 122 7 20 33 46 59 72 85 98 111 124 9 22 35 48 61 74 87 100 113 126 11 24 37 50 63 76 89 102 115 
0 14 28 42 56 70 84 98 112 126 12 26 40 54 68 82 96 110 124 10 24 38 52 66 80 94 108 122 8 22 36 50 64 78 92 106 120 6 20 34 48 62 76 90 104 118 4 18 32 46 60 74 88 102 116 2 16 30 44 58 72 86 100 114 0 14 28 42 56 70 84 98 112 126 12 26 40 54 68 82 96 110 124 10 24 38 52 66 80 94 108 122 8 22 36 50 64 78 92 106 120 6 20 34 48 62 76 90 104 118 4 18 32 46 60 74 88 102 116 2 16 30 44 58 72 86 100 114 
0 15 30 45 60 75 90 105 120 7 22 37 52 67 82 97 112 127 14 29 44 59 74 89 104 119 6 21 36 51 66 81 96 111 126 13 28 43 58 73 88 103 118 5 20 35 50 65 80 95 110 125 12 27 42 57 72 87 102 117 4 19 34 49 64 79 94 109 124 11 26 41 56 71 86 101 116 3 18 33 48 63 78 93 108 123 10 25 40 55 70 85 100 115 2 17 32 47 62 77 92 107 122 9 24 39 54 69 84 99 114 1 16 31 46 61 76 91 106 121 8 23 38 53 68 83 98 113 
0 16 32 48 64 80 96 112 0 16 32 48 64 80 96 112 0 16 32 48 64 80 96 112 0 16 32 48 64 80 96 112 0 16 32 48 64 80 96 112 0 16 32 48 64 80 96 112 0 16 32 48 64 80 96 112 0 16 32 48 64 80 96 112 0 16 32 48 64 80 96 112 0 16 32 48 64 80 96 112 0 16 32 48 64 80 96 112 0 16 32 48 64 80 96 112 0 16 32 48 64 80 96 112 0 16 32 48 64 80 96 112 0 16 32 48 64 80 96 112 0 16 32 48 64 80 96 112 
0 17 34 51 68 85 102 119 8 25 42 59 76 93 110 127 16 33 50 67 84 101 118 7 24 41 58 75 92 109 126 15 32 49 66 83 100 117 6 23 40 57 74 91 108 125 14 31 48 65 82 99 116 5 22 39 56 73 90 107 124 13 30 47 64 81 98 115 4 21 38 55 72 89 106 123 12 29 46 63 80 97 114 3 20 37 54 71 88 105 122 11 28 45 62 79 96 113 2 19 36 53 70 87 104 121 10 27 44 61 78 95 112 1 18 35 52 69 86 103 120 9 26 43 60 77 94 111 
0 18 36 54 72 90 108 126 16 34 52 70 88 106 124 14 32 50 68 86 104 122 12 30 48 66 84 102 120 10 28 46 64 82 100 118 8 26 44 62 80 98 116 6 24 42 60 78 96 114 4 22 40 58 76 94 112 2 20 38 56 74 92 110 0 18 36 54 72 90 108 126 16 34 52 70 88 106 124 14 32 50 68 86 104 122 12 30 48 66 84 102 120 10 28 46 64 82 100 118 8 26 44 62 80 98 116 6 24 42 60 78 96 114 4 22 40 58 76 94 112 2 20 38 56 74 92 110 
0 19 38 57 76 95 114 5 24 43 62 81 100 119 10 29 48 67 86 105 124 15 34 53 72 91 110 1 20 39 58 77 96 115 6 25 44 63 82 101 120 11 30 49 68 87 106 125 16 35 54 73 92 111 2 21 40 59 78 97 116 7 26 45 64 83 102 121 12 31 50 69 88 107 126 17 36 55 74 93 112 3 22 41 60 79 98 117 8 27 46 65 84 103 122 13 32 51 70 89 108 127 18 37 56 75 94 113 4 23 42 61 80 99 118 9 28 47 66 85 104 123 14 33 52 71 90 109 
0 20 40 60 80 100 120 12 32 52 72 92 112 4 24 44 64 84 104 124 16 36 56 76 96 116 8 28 48 68 88 108 0 20 40 60 80 100 120 12 32 52 72 92 112 4 24 44 64 84 104 124 16 36 56 76 96 116 8 28 48 68 88 108 0 20 40 60 80 100 120 12 32 52 72 92 112 4 24 44 64 84 104 124 16 36 56 76 96 116 8 28 48 68 88 108 0 20 40 60 80 100 120 12 32 52 72 92 112 4 24 44 64 84 104 124 16 36 56 76 96 116 8 28 48 68 88 108 
0 21 42 63 84 105 126 19 40 61 82 103 124 17 38 59 80 101 122 15 36 57 78 99 120 13 34 55 76 97 118 11 32 53 74 95 116 9 30 51 72 93 114 7 28 49 70 91 112 5 26 47 68 89 110 3 24 45 66 87 108 1 22 43 64 85 106 127 20 41 62 83 104 125 18 39 60 81 102 123 16 37 58 79 100 121 14 35 56 77 98 119 12 33 54 75 96 117 10 31 52 73 94 115 8 29 50 71 92 113 6 27 48 69 90 111 4 25 46 67 88 109 2 23 44 65 86 107 
0 22 44 66 88 110 4 26 48 70 92 114 8 30 52 74 96 118 12 34 56 78 100 122 16 38 60 82 104 126 20 42 64 86 108 2 24 46 68 90 112 6 28 50 72 94 116 10 32 54 76 98 120 14 36 58 80 102 124 18 40 62 84 106 0 22 44 66 88 110 4 26 48 70 92 114 8 30 52 74 96 118 12 34 56 78 100 122 16 38 60 82 104 126 20 42 64 86 108 2 24 46 68 90 112 6 28 50 72 94 116 10 32 54 76 98 120 14 36 58 80 102 124 18 40 62 84 106 
0 23 46 69 92 115 10 33 56 79 102 125 20 43 66 89 112 7 30 53 76 99 122 17 40 63 86 109 4 27 50 73 96 119 14 37 60 83 106 1 24 47 70 93 116 11 34 57 80 103 126 21 44 67 90 113 8 31 54 77 100 123 18 41 64 87 110 5 28 51 74 97 120 15 38 61 84 107 2 25 48 71 94 117 12 35 58 81 104 127 22 45 68 91 114 9 32 55 78 101 124 19 42 65 88 111 6 29 52 75 98 121 16 39 62 85 108 3 26 49 72 95 118 13 36 59 82 105 
0 24 48 72 96 120 16 40 64 88 112 8 32 56 80 104 0 24 48 72 96 120 16 40 64 88 112 8 32 56 80 104 0 24 48 72 96 120 16 40 64 88 112 8 32 56 80 104 0 24 48 72 96 120 16 40 64 88 112 8 32 56 80 104 0 24 48 72 96 120 16 40 64 88 112 8 32 56 80 104 0 24 48 72 96 120 16 40 64 88 112 8 32 56 80 104 0 24 48 72 96 120 16 40 64 88 112 8 32 56 80 104 0 24 48 72 96 120 16 40 64 88 112 8 32 56 80 104 
0 25 50 75 100 125 22 47 72 97 122 19 44 69 94 119 16 41 66 91 116 13 38 63 88 113 10 35 60 85 110 7 32 57 82 107 4 29 54 79 104 1 26 51 76 101 126 23 48 73 98 123 20 45 70 95 120 17 42 67 92 117 14 39 64 89 114 11 36 61 86 111 8 33 58 83 108 5 30 55 80 105 2 27 52 77 102 127 24 49 74 99 124 21 46 71 96 121 18 43 68 93 118 15 40 65 90 115 12 37 62 87 112 9 34 59 84 109 6 31 56 81 106 3 28 53 78 103 
0 26 52 78 104 2 28 54 80 106 4 30 56 82 108 6 32 58 84 110 8 34 60 86 112 10 36 62 88 114 12 38 64 90 116 14 40 66 92 118 16 42 68 94 120 18 44 70 96 122 20 46 72 98 124 22 48 74 100 126 24 50 76 102 0 26 52 78 104 2 28 54 80 106 4 30 56 82 108 6 32 58 84 110 8 34 60 86 112 10 36 62 88 114 12 38 64 90 116 14 40 66 92 118 16 42 68 94 120 18 44 70 96 122 20 46 72 98 124 22 48 74 100 126 24 50 76 102 
0 27 54 81 108 7 34 61 88 115 14 41 68 95 122 21 48 75 102 1 28 55 82 109 8 35 62 89 116 15 42 69 96 123 22 49 76 103 2 29 56 83 110 9 36 63 90 117 16 43 70 97 124 23 50 77 104 3 30 57 84 111 10 37 64 91 118 17 44 71 98 125 24 51 78 105 4 31 58 85 112 11 38 65 92 119 18 45 72 99 126 25 52 79 106 5 32 59 86 113 12 39 66 93 120 19 46 73 100 127 26 53 80 107 6 33 60 87 114 13 40 67 94 121 20 47 74 101 
0 28 56 84 112 12 40 68 96 124 24 52 80 108 8 36 64 92 120 20 48 76 104 4 32 60 88 116 16 44 72 100 0 28 56 84 112 12 40 68 96 124 24 52 80 108 8 36 64 92 120 20 48 76 104 4 32 60 88 116 16 44 72 100 0 28 56 84 112 12 40 68 96 124 24 52 80 108 8 36 64 92 120 20 48 76 104 4 32 60 88 116 16 44 72 100 0 28 56 84 112 12 40 68 96 124 24 52 80 108 8 36 64 92 120 20 48 76 104 4 32 60 88 116 16 44 72 100 
0 29 58 87 116 17 46 75 104 5 34 63 92 121 22 51 80 109 10 39 68 97 126 27 56 85 114 15 44 73 102 3 32 61 90 119 20 49 78 107 8 37 66 95 124 25 54 83 112 13 42 71 100 1 30 59 88 117 18 47 76 105 6 35 64 93 122 23 52 81 110 11 40 69 98 127 28 57 86 115 16 45 74 103 4 33 62 91 120 21 50 79 108 9 38 67 96 125 26 55 84 113 14 43 72 101 2 31 60 89 118 19 48 77 106 7 36 65 94 123 24 53 82 111 12 41 70 99 
0 30 60 90 120 22 52 82 112 14 44 74 104 6 36 66 96 126 28 58 88 118 20 50 80 110 12 42 72 102 4 34 64 94 124 26 56 86 116 18 48 78 108 10 40 70 100 2 32 62 92 122 24 54 84 114 16 46 76 106 8 38 68 98 0 30 60 90 120 22 52 82 112 14 44 74 104 6 36 66 96 126 28 58 88 118 20 50 80 110 12 42 72 102 4 34 64 94 124 26 56 86 116 18 48 78 108 10 40 70 100 2 32 62 92 122 24 54 84 114 16 46 76 106 8 38 68 98 
0 31 62 93 124 27 58 89 120 23 54 85 116 19 50 81 112 15 46 77 108 11 42 73 104 7 38 69 100 3 34 65 96 127 30 61 92 123 26 57 88 119 22 53 84 115 18 49 80 111 14 45 76 107 10 41 72 103 6 37 68 99 2 33 64 95 126 29 60 91 122 25 56 87 118 21 52 83 114 17 48 79 110 13 44 75 106 9 40 71 102 5 36 67 98 1 32 63 94 125 28 59 90 121 24 55 86 117 20 51 82 113 16 47 78 109 12 43 74 105 8 39 70 101 4 35 66 97 
0 32 64 96 0 32 64 96 0 32 64 96 0 32 64 96 0 32 64 96 0 32 64 96 0 32 64 96 0 32 64 96 0 32 64 96 0 32 64 96 0 32 64 96 0 32 64 96 0 32 64 96 0 32 64 96 0 32 64 96 0 32 64 96 0 32 64 96 0 32 64 96 0 32 64 96 0 32 64 96 0 32 64 96 0 32 64 96 0 32 64 96 0 32 64 96 0 32 64 96 0 32 64 96 0 32 64 96 0 32 64 96 0 32 64 96 0 32 64 96 0 32 64 96 0 32 64 96 
0 33 66 99 4 37 70 103 8 41 74 107 12 45 78 111 16 49 82 115 20 53 86 119 24 57 90 123 28 61 94 127 32 65 98 3 36 69 102 7 40 73 106 11 44 77 110 15 48 81 114 19 52 85 118 23 56 89 122 27 60 93 126 31 64 97 2 35 68 101 6 39 72 105 10 43 76 109 14 47 80 113 18 51 84 117 22 55 88 121 26 59 92 125 30 63 96 1 34 67 100 5 38 71 104 9 42 75 108 13 46 79 112 17 50 83 116 21 54 87 120 25 58 91 124 29 62 95 
0 34 68 102 8 42 76 110 16 50 84 118 24 58 92 126 32 66 100 6 40 74 108 14 48 82 116 22 56 90 124 30 64 98 4 38 72 106 12 46 80 114 20 54 88 122 28 62 96 2 36 70 104 10 44 78 112 18 52 86 120 26 60 94 0 34 68 102 8 42 76 110 16 50 84 118 24 58 92 126 32 66 100 6 40 74 108 14 48 82 116 22 56 90 124 30 64 98 4 38 72 106 12 46 80 114 20 54 88 122 28 62 96 2 36 70 104 10 44 78 112 18 52 86 120 26 60 94 
0 35 70 105 12 47 82 117 24 59 94 1 36 71 106 13 48 83 118 25 60 95 2 37 72 107 14 49 84 119 26 61 96 3 38 73 108 15 50 85 120 27 62 97 4 39 74 109 16 51 86 121 28 63 98 5 40 75 110 17 52 87 122 29 64 99 6 41 76 111 18 53 88 123 30 65 100 7 42 77 112 19 54 89 124 31 66 101 8 43 78 113 20 55 90 125 32 67 102 9 44 79 114 21 56 91 126 33 68 103 10 45 80 115 22 57 92 127 34 69 104 11 46 81 116 23 58 93 
0 36 72 108 16 52 88 124 32 68 104 12 48 84 120 28 64 100 8 44 80 116 24 60 96 4 40 76 112 20 56 92 0 36 72 108 16 52 88 124 32 68 104 12 48 84 120 28 64 100 8 44 80 116 24 60 96 4 40 76 112 20 56 92 0 36 72 108 16 52 88 124 32 68 104 12 48 84 120 28 64 100 8 44 80 116 24 60 96 4 40 76 112 20 56 92 0 36 72 108 16 52 88 124 32 68 104 12 48 84 120 28 64 100 8 44 80 116 24 60 96 4 40 76 112 20 56 92 
0 37 74 111 20 57 94 3 40 77 114 23 60 97 6 43 80 117 26 63 100 9 46 83 120 29 66 103 12 49 86 123 32 69 106 15 52 89 126 35 72 109 18 55 92 1 38 75 112 21 58 95 4 41 78 115 24 61 98 7 44 81 118 27 64 101 10 47 84 121 30 67 104 13 50 87 124 33 70 107 16 53 90 127 36 73 110 19 56 93 2 39 76 113 22 59 96 5 42 79 116 25 62 99 8 45 82 119 28 65 102 11 48 85 122 31 68 105 14 51 88 125 34 71 108 17 54 91 
0 38 76 114 24 62 100 10 48 86 124 34 72 110 20 58 96 6 44 82 120 30 68 106 16 54 92 2 40 78 116 26 64 102 12 50 88 126 36 74 112 22 60 98 8 46 84 122 32 70 108 18 56 94 4 42 80 118 28 66 104 14 52 90 0 38 76 114 24 62 100 10 48 86 124 34 72 110 20 58 96 6 44 82 120 30 68 106 16 54 92 2 40 78 116 26 64 102 12 50 88 126 36 74 112 22 60 98 8 46 84 122 32 70 108 18 56 94 4 42 80 118 28 66 104 14 52 90 
0 39 78 117 28 67 106 17 56 95 6 45 84 123 34 73 112 23 62 101 12 51 90 1 40 79 118 29 68 107 18 57 96 7 46 85 124 35 74 113 24 63 102 13 52 91 2 41 80 119 30 69 108 19 58 97 8 47 86 125 36 75 114 25 64 103 14 53 92 3 42 81 120 31 70 109 20 59 98 9 48 87 126 37 76 115 26 65 104 15 54 93 4 43 82 121 32 71 110 21 60 99 10 49 88 127 38 77 116 27 66 105 16 55 94 5 44 83 122 33 72 111 22 61 100 11 50 89 
0 40 80 120 32 72 112 24 64 104 16 56 96 8 48 88 0 40 80 120 32 72 112 24 64 104 16 56 96 8 48 88 0 40 80 120 32 72 112 24 64 104 16 56 96 8 48 88 0 40 80 120 32 72 112 24 64 104 16 56 96 8 48 88 0 40 80 120 32 72 112 24 64 104 16 56 96 8 48 88 0 40 80 120 32 72 112 24 64 104 16 56 96 8 48 88 0 40 80 120 32 72 112 24 64 104 16 56 96 8 48 88 0 40 80 120 32 72 112 24 64 104 16 56 96 8 48 88 
0 41 82 123 36 77 118 31 72 113 26 67 108 21 62 103 16 57 98 11 52 93 6 47 88 1 42 83 124 37 78 119 32 73 114 27 68 109 22 63 104 17 58 99 12 53 94 7 48 89 2 43 84 125 38 79 120 33 74 115 28 69 110 23 64 105 18 59 100 13 54 95 8 49 90 3 44 85 126 39 80 121 34 75 116 29 70 111 24 65 106 19 60 101 14 55 96 9 50 91 4 45 86 127 40 81 122 35 76 117 30 71 112 25 66 107 20 61 102 15 56 97 10 51 92 5 46 87 
0 42 84 126 40 82 124 38 80 122 36 78 120 34 76 118 32 74 116 30 72 114 28 70 112 26 68 110 24 66 108 22 64 106 20 62 104 18 60 102 16 58 100 14 56 98 12 54 96 10 52 94 8 50 92 6 48 90 4 46 88 2 44 86 0 42 84 126 40 82 124 38 80 122 36 78 120 34 76 118 32 74 116 30 72 114 28 70 112 26 68 110 24 66 108 22 64 106 20 62 104 18 60 102 16 58 100 14 56 98 12 54 96 10 52 94 8 50 92 6 48 90 4 46 88 2 44 86 
0 43 86 1 44 87 2 45 88 3 46 89 4 47 90 5 48 91 6 49 92 7 50 93 8 51 94 9 52 95 10 53 96 11 54 97 12 55 98 13 56 99 14 57 100 15 58 101 16 59 102 17 60 103 18 61 104 19 62 105 20 63 106 21 64 107 22 65 108 23 66 109 24 67 110 25 68 111 26 69 112 27 70 113 28 71 114 29 72 115 30 73 116 31 74 117 32 75 118 33 76 119 34 77 120 35 78 121 36 79 122 37 80 123 38 81 124 39 82 125 40 83 126 41 84 127 42 85 
0 44 88 4 48 92 8 52 96 12 56 100 16 60 104 20 64 108 24 68 112 28 72 116 32 76 120 36 80 124 40 84 0 44 88 4 48 92 8 52 96 12 56 100 16 60 104 20 64 108 24 68 112 28 72 116 32 76 120 36 80 124 40 84 0 44 88 4 48 92 8 52 96 12 56 100 16 60 104 20 64 108 24 68 112 28 72 116 32 76 120 36 80 124 40 84 0 44 88 4 48 92 8 52 96 12 56 100 16 60 104 20 64 108 24 68 112 28 72 116 32 76 120 36 80 124 40 84 
0 45 90 7 52 97 14 59 104 21 66 111 28 73 118 35 80 125 42 87 4 49 94 11 56 101 18 63 108 25 70 115 32 77 122 39 84 1 46 91 8 53 98 15 60 105 22 67 112 29 74 119 36 81 126 43 88 5 50 95 12 57 102 19 64 109 26 71 116 33 78 123 40 85 2 47 92 9 54 99 16 61 106 23 68 113 30 75 120 37 82 127 44 89 6 51 96 13 58 103 20 65 110 27 72 117 34 79 124 41 86 3 48 93 10 55 100 17 62 107 24 69 114 31 76 121 38 83 
0 46 92 10 56 102 20 66 112 30 76 122 40 86 4 50 96 14 60 106 24 70 116 34 80 126 44 90 8 54 100 18 64 110 28 74 120 38 84 2 48 94 12 58 104 22 68 114 32 78 124 42 88 6 52 98 16 62 108 26 72 118 36 82 0 46 92 10 56 102 20 66 112 30 76 122 40 86 4 50 96 14 60 106 24 70 116 34 80 126 44 90 8 54 100 18 64 110 28 74 120 38 84 2 48 94 12 58 104 22 68 114 32 78 124 42 88 6 52 98 16 62 108 26 72 118 36 82 
0 47 94 13 60 107 26 73 120 39 86 5 52 99 18 65 112 31 78 125 44 91 10 57 104 23 70 117 36 83 2 49 96 15 62 109 28 75 122 41 88 7 54 101 20 67 114 33 80 127 46 93 12 59 106 25 72 119 38 85 4 51 98 17 64 111 30 77 124 43 90 9 56 103 22 69 116 35 82 1 48 95 14 61 108 27 74 121 40 87 6 53 100 19 66 113 32 79 126 45 92 11 58 105 24 71 118 37 84 3 50 97 16 63 110 29 76 123 42 89 8 55 102 21 68 115 34 81 
0 48 96 16 64 112 32 80 0 48 96 16 64 112 32 80 0 48 96 16 64 112 32 80 0 48 96 16 64 112 32 80 0 48 96 16 64 112 32 80 0 48 96 16 64 112 32 80 0 48 96 16 64 112 32 80 0 48 96 16 64 112 32 80 0 48 96 16 64 112 32 80 0 48 96 16 64 112 32 80 0 48 96 16 64 112 32 80 0 48 96 16 64 112 32 80 0 48 96 16 64 112 32 80 0 48 96 16 64 112 32 80 0 48 96 16 64 112 32 80 0 48 96 16 64 112 32 80 
0 49 98 19 68 117 38 87 8 57 106 27 76 125 46 95 16 65 114 35 84 5 54 103 24 73 122 43 92 13 62 111 32 81 2 51 100 21 70 119 40 89 10 59 108 29 78 127 48 97 18 67 116 37 86 7 56 105 26 75 124 45 94 15 64 113 34 83 4 53 102 23 72 121 42 91 12 61 110 31 80 1 50 99 20 69 118 39 88 9 58 107 28 77 126 47 96 17 66 115 36 85 6 55 104 25 74 123 44 93 14 63 112 33 82 3 52 101 22 71 120 41 90 11 60 109 30 79 
0 50 100 22 72 122 44 94 16 66 116 38 88 10 60 110 32 82 4 54 104 26 76 126 48 98 20 70 120 42 92 14 64 114 36 86 8 58 108 30 80 2 52 102 24 74 124 46 96 18 68 118 40 90 12 62 112 34 84 6 56 106 28 78 0 50 100 22 72 122 44 94 16 66 116 38 88 10 60 110 32 82 4 54 104 26 76 126 48 98 20 70 120 42 92 14 64 114 36 86 8 58 108 30 80 2 52 102 24 74 124 46 96 18 68 118 40 90 12 62 112 34 84 6 56 106 28 78 
0 51 102 25 76 127 50 101 24 75 126 49 100 23 74 125 48 99 22 73 124 47 98 21 72 123 46 97 20 71 122 45 96 19 70 121 44 95 18 69 120 43 94 17 68 119 42 93 16 67 118 41 92 15 66 117 40 91 14 65 116 39 90 13 64 115 38 89 12 63 114 37 88 11 62 113 36 87 10 61 112 35 86 9 60 111 34 85 8 59 110 33 84 7 58 109 32 83 6 57 108 31 82 5 56 107 30 81 4 55 106 29 80 3 54 105 28 79 2 53 104 27 78 1 52 103 26 77 
0 52 104 28 80 4 56 108 32 84 8 60 112 36 88 12 64 116 40 92 16 68 120 44 96 20 72 124 48 100 24 76 0 52 104 28 80 4 56 108 32 84 8 60 112 36 88 12 64 116 40 92 16 68 120 44 96 20 72 124 48 100 24 76 0 52 104 28 80 4 56 108 32 84 8 60 112 36 88 12 64 116 40 92 16 68 120 44 96 20 72 124 48 100 24 76 0 52 104 28 80 4 56 108 32 84 8 60 112 36 88 12 64 116 40 92 16 68 120 44 96 20 72 124 48 100 24 76 
0 53 106 31 84 9 62 115 40 93 18 71 124 49 102 27 80 5 58 111 36 89 14 67 120 45 98 23 76 1 54 107 32 85 10 63 116 41 94 19 72 125 50 103 28 81 6 59 112 37 90 15 68 121 46 99 24 77 2 55 108 33 86 11 64 117 42 95 20 73 126 51 104 29 82 7 60 113 38 91 16 69 122 47 100 25 78 3 56 109 34 87 12 65 118 43 96 21 74 127 52 105 30 83 8 61 114 39 92 17 70 123 48 101 26 79 4 57 110 35 88 13 66 119 44 97 22 75 
0 54 108 34 88 14 68 122 48 102 28 82 8 62 116 42 96 22 76 2 56 110 36 90 16 70 124 50 104 30 84 10 64 118 44 98 24 78 4 58 112 38 92 18 72 126 52 106 32 86 12 66 120 46 100 26 80 6 60 114 40 94 20 74 0 54 108 34 88 14 68 122 48 102 28 82 8 62 116 42 96 22 76 2 56 110 36 90 16 70 124 50 104 30 84 10 64 118 44 98 24 78 4 58 112 38 92 18 72 126 52 106 32 86 12 66 120 46 100 26 80 6 60 114 40 94 20 74 
0 55 110 37 92 19 74 1 56 111 38 93 20 75 2 57 112 39 94 21 76 3 58 113 40 95 22 77 4 59 114 41 96 23 78 5 60 115 42 97 24 79 6 61 116 43 98 25 80 7 62 117 44 99 26 81 8 63 118 45 100 27 82 9 64 119 46 101 28 83 10 65 120 47 102 29 84 11 66 121 48 103 30 85 12 67 122 49 104 31 86 13 68 123 50 105 32 87 14 69 124 51 106 33 88 15 70 125 52 107 34 89 16 71 126 53 108 35 90 17 72 127 54 109 36 91 18 73 
0 56 112 40 96 24 80 8 64 120 48 104 32 88 16 72 0 56 112 40 96 24 80 8 64 120 48 104 32 88 16 72 0 56 112 40 96 24 80 8 64 120 48 104 32 88 16 72 0 56 112 40 96 24 80 8 64 120 48 104 32 88 16 72 0 56 112 40 96 24 80 8 64 120 48 104 32 88 16 72 0 56 112 40 96 24 80 8 64 120 48 104 32 88 16 72 0 56 112 40 96 24 80 8 64 120 48 104 32 88 16 72 0 56 112 40 96 24 80 8 64 120 48 104 32 88 16 72 
0 57 114 43 100 29 86 15 72 1 58 115 44 101 30 87 16 73 2 59 116 45 102 31 88 17 74 3 60 117 46 103 32 89 18 75 4 61 118 47 104 33 90 19 76 5 62 119 48 105 34 91 20 77 6 63 120 49 106 35 92 21 78 7 64 121 50 107 36 93 22 79 8 65 122 51 108 37 94 23 80 9 66 123 52 109 38 95 24 81 10 67 124 53 110 39 96 25 82 11 68 125 54 111 40 97 26 83 12 69 126 55 112 41 98 27 84 13 70 127 56 113 42 99 28 85 14 71 
0 58 116 46 104 34 92 22 80 10 68 126 56 114 44 102 32 90 20 78 8 66 124 54 112 42 100 30 88 18 76 6 64 122 52 110 40 98 28 86 16 74 4 62 120 50 108 38 96 26 84 14 72 2 60 118 48 106 36 94 24 82 12 70 0 58 116 46 104 34 92 22 80 10 68 126 56 114 44 102 32 90 20 78 8 66 124 54 112 42 100 30 88 18 76 6 64 122 52 110 40 98 28 86 16 74 4 62 120 50 108 38 96 26 84 14 72 2 60 118 48 106 36 94 24 82 12 70 
0 59 118 49 108 39 98 29 88 19 78 9 68 127 58 117 48 107 38 97 28 87 18 77 8 67 126 57 116 47 106 37 96 27 86 17 76 7 66 125 56 115 46 105 36 95 26 85 16 75 6 65 124 55 114 45 104 35 94 25 84 15 74 5 64 123 54 113 44 103 34 93 24 83 14 73 4 63 122 53 112 43 102 33 92 23 82 13 72 3 62 121 52 111 42 101 32 91 22 81 12 71 2 61 120 51 110 41 100 31 90 21 80 11 70 1 60 119 50 109 40 99 30 89 20 79 10 69 
0 60 120 52 112 44 104 36 96 28 88 20 80 12 72 4 64 124 56 116 48 108 40 100 32 92 24 84 16 76 8 68 0 60 120 52 112 44 104 36 96 28 88 20 80 12 72 4 64 124 56 116 48 108 40 100 32 92 24 84 16 76 8 68 0 60 120 52 112 44 104 36 96 28 88 20 80 12 72 4 64 124 56 116 48 108 40 100 32 92 24 84 16 76 8 68 0 60 120 52 112 44 104 36 96 28 88 20 80 12 72 4 64 124 56 116 48 108 40 100 32 92 24 84 16 76 8 68 
0 61 122 55 116 49 110 43 104 37 98 31 92 25 86 19 80 13 74 7 68 1 62 123 56 117 50 111 44 105 38 99 32 93 26 87 20 81 14 75 8 69 2 63 124 57 118 51 112 45 106 39 100 33 94 27 88 21 82 15 76 9 70 3 64 125 58 119 52 113 46 107 40 101 34 95 28 89 22 83 16 77 10 71 4 65 126 59 120 53 114 47 108 41 102 35 96 29 90 23 84 17 78 11 72 5 66 127 60 121 54 115 48 109 42 103 36 97 30 91 24 85 18 79 12 73 6 67 
0 62 124 58 120 54 116 50 112 46 108 42 104 38 100 34 96 30 92 26 88 22 84 18 80 14 76 10 72 6 68 2 64 126 60 122 56 118 52 114 48 110 44 106 40 102 36 98 32 94 28 90 24 86 20 82 16 78 12 74 8 70 4 66 0 62 124 58 120 54 116 50 112 46 108 42 104 38 100 34 96 30 92 26 88 22 84 18 80 14 76 10 72 6 68 2 64 126 60 122 56 118 52 114 48 110 44 106 40 102 36 98 32 94 28 90 24 86 20 82 16 78 12 74 8 70 4 66 
0 63 126 61 124 59 122 57 120 55 118 53 116 51 114 49 112 47 110 45 108 43 106 41 104 39 102 37 100 35 98 33 96 31 94 29 92 27 90 25 88 23 86 21 84 19 82 17 80 15 78 13 76 11 74 9 72 7 70 5 68 3 66 1 64 127 62 125 60 123 58 121 56 119 54 117 52 115 50 113 48 111 46 109 44 107 42 105 40 103 38 101 36 99 34 97 32 95 30 93 28 91 26 89 24 87 22 85 20 83 18 81 16 79 14 77 12 75 10 73 8 71 6 69 4 67 2 65 
0 64 0 64 0 64 0 64 0 64 0 64 0 64 0 64 0 64 0 64 0 64 0 64 0 64 0 64 0 64 0 64 0 64 0 64 0 64 0 64 0 64 0 64 0 64 0 64 0 64 0 64 0 64 0 64 0 64 0 64 0 64 0 64 0 64 0 64 0 64 0 64 0 64 0 64 0 64 0 64 0 64 0 64 0 64 0 64 0 64 0 64 0 64 0 64 0 64 0 64 0 64 0 64 0 64 0 64 0 64 0 64 0 64 0 64 0 64 0 64 0 64 0 64 0 64 0 64 
0 65 2 67 4 69 6 71 8 73 10 75 12 77 14 79 16 81 18 83 20 85 22 87 24 89 26 91 28 93 30 95 32 97 34 99 36 101 38 103 40 105 42 107 44 109 46 111 48 113 50 115 52 117 54 119 56 121 58 123 60 125 62 127 64 1 66 3 68 5 70 7 72 9 74 11 76 13 78 15 80 17 82 19 84 21 86 23 88 25 90 27 92 29 94 31 96 33 98 35 100 37 102 39 104 41 106 43 108 45 110 47 112 49 114 51 116 53 118 55 120 57 122 59 124 61 126 63 
0 66 4 70 8 74 12 78 16 82 20 86 24 90 28 94 32 98 36 102 40 106 44 110 48 114 52 118 56 122 60 126 64 2 68 6 72 10 76 14 80 18 84 22 88 26 92 30 96 34 100 38 104 42 108 46 112 50 116 54 120 58 124 62 0 66 4 70 8 74 12 78 16 82 20 86 24 90 28 94 32 98 36 102 40 106 44 110 48 114 52 118 56 122 60 126 64 2 68 6 72 10 76 14 80 18 84 22 88 26 92 30 96 34 100 38 104 42 108 46 112 50 116 54 120 58 124 62 
0 67 6 73 12 79 18 85 24 91 30 97 36 103 42 109 48 115 54 121 60 127 66 5 72 11 78 17 84 23 90 29 96 35 102 41 108 47 114 53 120 59 126 65 4 71 10 77 16 83 22 89 28 95 34 101 40 107 46 113 52 119 58 125 64 3 70 9 76 15 82 21 88 27 94 33 100 39 106 45 112 51 118 57 124 63 2 69 8 75 14 81 20 87 26 93 32 99 38 105 44 111 50 117 56 123 62 1 68 7 74 13 80 19 86 25 92 31 98 37 104 43 110 49 116 55 122 61 
0 68 8 76 16 84 24 92 32 100 40 108 48 116 56 124 64 4 72 12 80 20 88 28 96 36 104 44 112 52 120 60 0 68 8 76 16 84 24 92 32 100 40 108 48 116 56 124 64 4 72 12 80 20 88 28 96 36 104 44 112 52 120 60 0 68 8 76 16 84 24 92 32 100 40 108 48 116 56 124 64 4 72 12 80 20 88 28 96 36 104 44 112 52 120 60 0 68 8 76 16 84 24 92 32 100 40 108 48 116 56 124 64 4 72 12 80 20 88 28 96 36 104 44 112 52 120 60 
0 69 10 79 20 89 30 99 40 109 50 119 60 1 70 11 80 21 90 31 100 41 110 51 120 61 2 71 12 81 22 91 32 101 42 111 52 121 62 3 72 13 82 23 92 33 102 43 112 53 122 63 4 73 14 83 24 93 34 103 44 113 54 123 64 5 74 15 84 25 94 35 104 45 114 55 124 65 6 75 16 85 26 95 36 105 46 115 56 125 66 7 76 17 86 27 96 37 106 47 116 57 126 67 8 77 18 87 28 97 38 107 48 117 58 127 68 9 78 19 88 29 98 39 108 49 118 59 
0 70 12 82 24 94 36 106 48 118 60 2 72 14 84 26 96 38 108 50 120 62 4 74 16 86 28 98 40 110 52 122 64 6 76 18 88 30 100 42 112 54 124 66 8 78 20 90 32 102 44 114 56 126 68 10 80 22 92 34 104 46 116 58 0 70 12 82 24 94 36 106 48 118 60 2 72 14 84 26 96 38 108 50 120 62 4 74 16 86 28 98 40 110 52 122 64 6 76 18 88 30 100 42 112 54 124 66 8 78 20 90 32 102 44 114 56 126 68 10 80 22 92 34 104 46 116 58 
0 71 14 85 28 99 42 113 56 127 70 13 84 27 98 41 112 55 126 69 12 83 26 97 40 111 54 125 68 11 82 25 96 39 110 53 124 67 10 81 24 95 38 109 52 123 66 9 80 23 94 37 108 51 122 65 8 79 22 93 36 107 50 121 64 7 78 21 92 35 106 49 120 63 6 77 20 91 34 105 48 119 62 5 76 19 90 33 104 47 118 61 4 75 18 89 32 103 46 117 60 3 74 17 88 31 102 45 116 59 2 73 16 87 30 101 44 115 58 1 72 15 86 29 100 43 114 57 
0 72 16 88 32 104 48 120 64 8 80 24 96 40 112 56 0 72 16 88 32 104 48 120 64 8 80 24 96 40 112 56 0 72 16 88 32 104 48 120 64 8 80 24 96 40 112 56 0 72 16 88 32 104 48 120 64 8 80 24 96 40 112 56 0 72 16 88 32 104 48 120 64 8 80 24 96 40 112 56 0 72 16 88 32 104 48 120 64 8 80 24 96 40 112 56 0 72 16 88 32 104 48 120 64 8 80 24 96 40 112 56 0 72 16 88 32 104 48 120 64 8 80 24 96 40 112 56 
0 73 18 91 36 109 54 127 72 17 90 35 108 53 126 71 16 89 34 107 52 125 70 15 88 33 106 51 124 69 14 87 32 105 50 123 68 13 86 31 104 49 122 67 12 85 30 103 48 121 66 11 84 29 102 47 120 65 10 83 28 101 46 119 64 9 82 27 100 45 118 63 8 81 26 99 44 117 62 7 80 25 98 43 116 61 6 79 24 97 42 115 60 5 78 23 96 41 114 59 4 77 22 95 40 113 58 3 76 21 94 39 112 57 2 75 20 93 38 111 56 1 74 19 92 37 110 55 
0 74 20 94 40 114 60 6 80 26 100 46 120 66 12 86 32 106 52 126 72 18 92 38 112 58 4 78 24 98 44 118 64 10 84 30 104 50 124 70 16 90 36 110 56 2 76 22 96 42 116 62 8 82 28 102 48 122 68 14 88 34 108 54 0 74 20 94 40 114 60 6 80 26 100 46 120 66 12 86 32 106 52 126 72 18 92 38 112 58 4 78 24 98 44 118 64 10 84 30 104 50 124 70 16 90 36 110 56 2 76 22 96 42 116 62 8 82 28 102 48 122 68 14 88 34 108 54 
0 75 22 97 44 119 66 13 88 35 110 57 4 79 26 101 48 123 70 17 92 39 114 61 8 83 30 105 52 127 74 21 96 43 118 65 12 87 34 109 56 3 78 25 100 47 122 69 16 91 38 113 60 7 82 29 104 51 126 73 20 95 42 117 64 11 86 33 108 55 2 77 24 99 46 121 68 15 90 37 112 59 6 81 28 103 50 125 72 19 94 41 116 63 10 85 32 107 54 1 76 23 98 45 120 67 14 89 36 111 58 5 80 27 102 49 124 71 18 93 40 115 62 9 84 31 106 53 
0 76 24 100 48 124 72 20 96 44 120 68 16 92 40 116 64 12 88 36 112 60 8 84 32 108 56 4 80 28 104 52 0 76 24 100 48 124 72 20 96 44 120 68 16 92 40 116 64 12 88 36 112 60 8 84 32 108 56 4 80 28 104 52 0 76 24 100 48 124 72 20 96 44 120 68 16 92 40 116 64 12 88 36 112 60 8 84 32 108 56 4 80 28 104 52 0 76 24 100 48 124 72 20 96 44 120 68 16 92 40 116 64 12 88 36 112 60 8 84 32 108 56 4 80 28 104 52 
0 77 26 103 52 1 78 27 104 53 2 79 28 105 54 3 80 29 106 55 4 81 30 107 56 5 82 31 108 57 6 83 32 109 58 7 84 33 110 59 8 85 34 111 60 9 86 35 112 61 10 87 36 113 62 11 88 37 114 63 12 89 38 115 64 13 90 39 116 65 14 91 40 117 66 15 92 41 118 67 16 93 42 119 68 17 94 43 120 69 18 95 44 121 70 19 96 45 122 71 20 97 46 123 72 21 98 47 124 73 22 99 48 125 74 23 100 49 126 75 24 101 50 127 76 25 102 51 
0 78 28 106 56 6 84 34 112 62 12 90 40 118 68 18 96 46 124 74 24 102 52 2 80 30 108 58 8 86 36 114 64 14 92 42 120 70 20 98 48 126 76 26 104 54 4 82 32 110 60 10 88 38 116 66 16 94 44 122 72 22 100 50 0 78 28 106 56 6 84 34 112 62 12 90 40 118 68 18 96 46 124 74 24 102 52 2 80 30 108 58 8 86 36 114 64 14 92 42 120 70 20 98 48 126 76 26 104 54 4 82 32 110 60 10 88 38 116 66 16 94 44 122 72 22 100 50 
0 79 30 109 60 11 90 41 120 71 22 101 52 3 82 33 112 63 14 93 44 123 74 25 104 55 6 85 36 115 66 17 96 47 126 77 28 107 58 9 88 39 118 69 20 99 50 1 80 31 110 61 12 91 42 121 72 23 102 53 4 83 34 113 64 15 94 45 124 75 26 105 56 7 86 37 116 67 18 97 48 127 78 29 108 59 10 89 40 119 70 21 100 51 2 81 32 111 62 13 92 43 122 73 24 103 54 5 84 35 114 65 16 95 46 125 76 27 106 57 8 87 38 117 68 19 98 49 
0 80 32 112 64 16 96 48 0 80 32 112 64 16 96 48 0 80 32 112 64 16 96 48 0 80 32 112 64 16 96 48 0 80 32 112 64 16 96 48 0 80 32 112 64 16 96 48 0 80 32 112 64 16 96 48 0 80 32 112 64 16 96 48 0 80 32 112 64 16 96 48 0 80 32 112 64 16 96 48 0 80 32 112 64 16 96 48 0 80 32 112 64 16 96 48 0 80 32 112 64 16 96 48 0 80 32 112 64 16 96 48 0 80 32 112 64 16 96 48 0 80 32 112 64 16 96 48 
0 81 34 115 68 21 102 55 8 89 42 123 76 29 110 63 16 97 50 3 84 37 118 71 24 105 58 11 92 45 126 79 32 113 66 19 100 53 6 87 40 121 74 27 108 61 14 95 48 1 82 35 116 69 22 103 56 9 90 43 124 77 30 111 64 17 98 51 4 85 38 119 72 25 106 59 12 93 46 127 80 33 114 67 20 101 54 7 88 41 122 75 28 109 62 15 96 49 2 83 36 117 70 23 104 57 10 91 44 125 78 31 112 65 18 99 52 5 86 39 120 73 26 107 60 13 94 47 
0 82 36 118 72 26 108 62 16 98 52 6 88 42 124 78 32 114 68 22 104 58 12 94 48 2 84 38 120 74 28 110 64 18 100 54 8 90 44 126 80 34 116 70 24 106 60 14 96 50 4 86 40 122 76 30 112 66 20 102 56 10 92 46 0 82 36 118 72 26 108 62 16 98 52 6 88 42 124 78 32 114 68 22 104 58 12 94 48 2 84 38 120 74 28 110 64 18 100 54 8 90 44 126 80 34 116 70 24 106 60 14 96 50 4 86 40 122 76 30 112 66 20 102 56 10 92 46 
0 83 38 121 76 31 114 69 24 107 62 17 100 55 10 93 48 3 86 41 124 79 34 117 72 27 110 65 20 103 58 13 96 51 6 89 44 127 82 37 120 75 30 113 68 23 106 61 16 99 54 9 92 47 2 85 40 123 78 33 116 71 26 109 64 19 102 57 12 95 50 5 88 43 126 81 36 119 74 29 112 67 22 105 60 15 98 53 8 91 46 1 84 39 122 77 32 115 70 25 108 63 18 101 56 11 94 49 4 87 42 125 80 35 118 73 28 111 66 21 104 59 14 97 52 7 90 45 
0 84 40 124 80 36 120 76 32 116 72 28 112 68 24 108 64 20 104 60 16 100 56 12 96 52 8 92 48 4 88 44 0 84 40 124 80 36 120 76 32 116 72 28 112 68 24 108 64 20 104 60 16 100 56 12 96 52 8 92 48 4 88 44 0 84 40 124 80 36 120 76 32 116 72 28 112 68 24 108 64 20 104 60 16 100 56 12 96 52 8 92 48 4 88 44 0 84 40 124 80 36 120 76 32 116 72 28 112 68 24 108 64 20 104 60 16 100 56 12 96 52 8 92 48 4 88 44 
0 85 42 127 84 41 126 83 40 125 82 39 124 81 38 123 80 37 122 79 36 121 78 35 120 77 34 119 76 33 118 75 32 117 74 31 116 73 30 115 72 29 114 71 28 113 70 27 112 69 26 111 68 25 110 67 24 109 66 23 108 65 22 107 64 21 106 63 20 105 62 19 104 61 18 103 60 17 102 59 16 101 58 15 100 57 14 99 56 13 98 55 12 97 54 11 96 53 10 95 52 9 94 51 8 93 50 7 92 49 6 91 48 5 90 47 4 89 46 3 88 45 2 87 44 1 86 43 
0 86 44 2 88 46 4 90 48 6 92 50 8 94 52 10 96 54 12 98 56 14 100 58 16 102 60 18 104 62 20 106 64 22 108 66 24 110 68 26 112 70 28 114 72 30 116 74 32 118 76 34 120 78 36 122 80 38 124 82 40 126 84 42 0 86 44 2 88 46 4 90 48 6 92 50 8 94 52 10 96 54 12 98 56 14 100 58 16 102 60 18 104 62 20 106 64 22 108 66 24 110 68 26 112 70 28 114 72 30 116 74 32 118 76 34 120 78 36 122 80 38 124 82 40 126 84 42 
0 87 46 5 92 51 10 97 56 15 102 61 20 107 66 25 112 71 30 117 76 35 122 81 40 127 86 45 4 91 50 9 96 55 14 101 60 19 106 65 24 111 70 29 116 75 34 121 80 39 126 85 44 3 90 49 8 95 54 13 100 59 18 105 64 23 110 69 28 115 74 33 120 79 38 125 84 43 2 89 48 7 94 53 12 99 58 17 104 63 22 109 68 27 114 73 32 119 78 37 124 83 42 1 88 47 6 93 52 11 98 57 16 103 62 21 108 67 26 113 72 31 118 77 36 123 82 41 
0 88 48 8 96 56 16 104 64 24 112 72 32 120 80 40 0 88 48 8 96 56 16 104 64 24 112 72 32 120 80 40 0 88 48 8 96 56 16 104 64 24 112 72 32 120 80 40 0 88 48 8 96 56 16 104 64 24 112 72 32 120 80 40 0 88 48 8 96 56 16 104 64 24 112 72 32 120 80 40 0 88 48 8 96 56 16 104 64 24 112 72 32 120 80 40 0 88 48 8 96 56 16 104 64 24 112 72 32 120 80 40 0 88 48 8 96 56 16 104 64 24 112 72 32 120 80 40 
0 89 50 11 100 61 22 111 72 33 122 83 44 5 94 55 16 105 66 27 116 77 38 127 88 49 10 99 60 21 110 71 32 121 82 43 4 93 54 15 104 65 26 115 76 37 126 87 48 9 98 59 20 109 70 31 120 81 42 3 92 53 14 103 64 25 114 75 36 125 86 47 8 97 58 19 108 69 30 119 80 41 2 91 52 13 102 63 24 113 74 35 124 85 46 7 96 57 18 107 68 29 118 79 40 1 90 51 12 101 62 23 112 73 34 123 84 45 6 95 56 17 106 67 28 117 78 39 
0 90 52 14 104 66 28 118 80 42 4 94 56 18 108 70 32 122 84 46 8 98 60 22 112 74 36 126 88 50 12 102 64 26 116 78 40 2 92 54 16 106 68 30 120 82 44 6 96 58 20 110 72 34 124 86 48 10 100 62 24 114 76 38 0 90 52 14 104 66 28 118 80 42 4 94 56 18 108 70 32 122 84 46 8 98 60 22 112 74 36 126 88 50 12 102 64 26 116 78 40 2 92 54 16 106 68 30 120 82 44 6 96 58 20 110 72 34 124 86 48 10 100 62 24 114 76 38 
0 91 54 17 108 71 34 125 88 51 14 105 68 31 122 85 48 11 102 65 28 119 82 45 8 99 62 25 116 79 42 5 96 59 22 113 76 39 2 93 56 19 110 73 36 127 90 53 16 107 70 33 124 87 50 13 104 67 30 121 84 47 10 101 64 27 118 81 44 7 98 61 24 115 78 41 4 95 58 21 112 75 38 1 92 55 18 109 72 35 126 89 52 15 106 69 32 123 86 49 12 103 66 29 120 83 46 9 100 63 26 117 80 43 6 97 60 23 114 77 40 3 94 57 20 111 74 37 
0 92 56 20 112 76 40 4 96 60 24 116 80 44 8 100 64 28 120 84 48 12 104 68 32 124 88 52 16 108 72 36 0 92 56 20 112 76 40 4 96 60 24 116 80 44 8 100 64 28 120 84 48 12 104 68 32 124 88 52 16 108 72 36 0 92 56 20 112 76 40 4 96 60 24 116 80 44 8 100 64 28 120 84 48 12 104 68 32 124 88 52 16 108 72 36 0 92 56 20 112 76 40 4 96 60 24 116 80 44 8 100 64 28 120 84 48 12 104 68 32 124 88 52 16 108 72 36 
0 93 58 23 116 81 46 11 104 69 34 127 92 57 22 115 80 45 10 103 68 33 126 91 56 21 114 79 44 9 102 67 32 125 90 55 20 113 78 43 8 101 66 31 124 89 54 19 112 77 42 7 100 65 30 123 88 53 18 111 76 41 6 99 64 29 122 87 52 17 110 75 40 5 98 63 28 121 86 51 16 109 74 39 4 97 62 27 120 85 50 15 108 73 38 3 96 61 26 119 84 49 14 107 72 37 2 95 60 25 118 83 48 13 106 71 36 1 94 59 24 117 82 47 12 105 70 35 
0 94 60 26 120 86 52 18 112 78 44 10 104 70 36 2 96 62 28 122 88 54 20 114 80 46 12 106 72 38 4 98 64 30 124 90 56 22 116 82 48 14 108 74 40 6 100 66 32 126 92 58 24 118 84 50 16 110 76 42 8 102 68 34 0 94 60 26 120 86 52 18 112 78 44 10 104 70 36 2 96 62 28 122 88 54 20 114 80 46 12 106 72 38 4 98 64 30 124 90 56 22 116 82 48 14 108 74 40 6 100 66 32 126 92 58 24 118 84 50 16 110 76 42 8 102 68 34 
0 95 62 29 124 91 58 25 120 87 54 21 116 83 50 17 112 79 46 13 108 75 42 9 104 71 38 5 100 67 34 1 96 63 30 125 92 59 26 121 88 55 22 117 84 51 18 113 80 47 14 109 76 43 10 105 72 39 6 101 68 35 2 97 64 31 126 93 60 27 122 89 56 23 118 85 52 19 114 81 48 15 110 77 44 11 106 73 40 7 102 69 36 3 98 65 32 127 94 61 28 123 90 57 24 119 86 53 20 115 82 49 16 111 78 45 12 107 74 41 8 103 70 37 4 99 66 33 
0 96 64 32 0 96 64 32 0 96 64 32 0 96 64 32 0 96 64 32 0 96 64 32 0 96 64 32 0 96 64 32 0 96 64 32 0 96 64 32 0 96 64 32 0 96 64 32 0 96 64 32 0 96 64 32 0 96 64 32 0 96 64 32 0 96 64 32 0 96 64 32 0 96 64 32 0 96 64 32 0 96 64 32 0 96 64 32 0 96 64 32 0 96 64 32 0 96 64 32 0 96 64 32 0 96 64 32 0 96 64 32 0 96 64 32 0 96 64 32 0 96 64 32 0 96 64 32 
0 97 66 35 4 101 70 39 8 105 74 43 12 109 78 47 16 113 82 51 20 117 86 55 24 121 90 59 28 125 94 63 32 1 98 67 36 5 102 71 40 9 106 75 44 13 110 79 48 17 114 83 52 21 118 87 56 25 122 91 60 29 126 95 64 33 2 99 68 37 6 103 72 41 10 107 76 45 14 111 80 49 18 115 84 53 22 119 88 57 26 123 92 61 30 127 96 65 34 3 100 69 38 7 104 73 42 11 108 77 46 15 112 81 50 19 116 85 54 23 120 89 58 27 124 93 62 31 
0 98 68 38 8 106 76 46 16 114 84 54 24 122 92 62 32 2 100 70 40 10 108 78 48 18 116 86 56 26 124 94 64 34 4 102 72 42 12 110 80 50 20 118 88 58 28 126 96 66 36 6 104 74 44 14 112 82 52 22 120 90 60 30 0 98 68 38 8 106 76 46 16 114 84 54 24 122 92 62 32 2 100 70 40 10 108 78 48 18 116 86 56 26 124 94 64 34 4 102 72 42 12 110 80 50 20 118 88 58 28 126 96 66 36 6 104 74 44 14 112 82 52 22 120 90 60 30 
0 99 70 41 12 111 82 53 24 123 94 65 36 7 106 77 48 19 118 89 60 31 2 101 72 43 14 113 84 55 26 125 96 67 38 9 108 79 50 21 120 91 62 33 4 103 74 45 16 115 86 57 28 127 98 69 40 11 110 81 52 23 122 93 64 35 6 105 76 47 18 117 88 59 30 1 100 71 42 13 112 83 54 25 124 95 66 37 8 107 78 49 20 119 90 61 32 3 102 73 44 15 114 85 56 27 126 97 68 39 10 109 80 51 22 121 92 63 34 5 104 75 46 17 116 87 58 29 
0 100 72 44 16 116 88 60 32 4 104 76 48 20 120 92 64 36 8 108 80 52 24 124 96 68 40 12 112 84 56 28 0 100 72 44 16 116 88 60 32 4 104 76 48 20 120 92 64 36 8 108 80 52 24 124 96 68 40 12 112 84 56 28 0 100 72 44 16 116 88 60 32 4 104 76 48 20 120 92 64 36 8 108 80 52 24 124 96 68 40 12 112 84 56 28 0 100 72 44 16 116 88 60 32 4 104 76 48 20 120 92 64 36 8 108 80 52 24 124 96 68 40 12 112 84 56 28 
0 101 74 47 20 121 94 67 40 13 114 87 60 33 6 107 80 53 26 127 100 73 46 19 120 93 66 39 12 113 86 59 32 5 106 79 52 25 126 99 72 45 18 119 92 65 38 11 112 85 58 31 4 105 78 51 24 125 98 71 44 17 118 91 64 37 10 111 84 57 30 3 104 77 50 23 124 97 70 43 16 117 90 63 36 9 110 83 56 29 2 103 76 49 22 123 96 69 42 15 116 89 62 35 8 109 82 55 28 1 102 75 48 21 122 95 68 41 14 115 88 61 34 7 108 81 54 27 
0 102 76 50 24 126 100 74 48 22 124 98 72 46 20 122 96 70 44 18 120 94 68 42 16 118 92 66 40 14 116 90 64 38 12 114 88 62 36 10 112 86 60 34 8 110 84 58 32 6 108 82 56 30 4 106 80 54 28 2 104 78 52 26 0 102 76 50 24 126 100 74 48 22 124 98 72 46 20 122 96 70 44 18 120 94 68 42 16 118 92 66 40 14 116 90 64 38 12 114 88 62 36 10 112 86 60 34 8 110 84 58 32 6 108 82 56 30 4 106 80 54 28 2 104 78 52 26 
0 103 78 53 28 3 106 81 56 31 6 109 84 59 34 9 112 87 62 37 12 115 90 65 40 15 118 93 68 43 18 121 96 71 46 21 124 99 74 49 24 127 102 77 52 27 2 105 80 55 30 5 108 83 58 33 8 111 86 61 36 11 114 89 64 39 14 117 92 67 42 17 120 95 70 45 20 123 98 73 48 23 126 101 76 51 26 1 104 79 54 29 4 107 82 57 32 7 110 85 60 35 10 113 88 63 38 13 116 91 66 41 16 119 94 69 44 19 122 97 72 47 22 125 100 75 50 25 
0 104 80 56 32 8 112 88 64 40 16 120 96 72 48 24 0 104 80 56 32 8 112 88 64 40 16 120 96 72 48 24 0 104 80 56 32 8 112 88 64 40 16 120 96 72 48 24 0 104 80 56 32 8 112 88 64 40 16 120 96 72 48 24 0 104 80 56 32 8 112 88 64 40 16 120 96 72 48 24 0 104 80 56 32 8 112 88 64 40 16 120 96 72 48 24 0 104 80 56 32 8 112 88 64 40 16 120 96 72 48 24 0 104 80 56 32 8 112 88 64 40 16 120 96 72 48 24 
0 105 82 59 36 13 118 95 72 49 26 3 108 85 62 39 16 121 98 75 52 29 6 111 88 65 42 19 124 101 78 55 32 9 114 91 68 45 22 127 104 81 58 35 12 117 94 71 48 25 2 107 84 61 38 15 120 97 74 51 28 5 110 87 64 41 18 123 100 77 54 31 8 113 90 67 44 21 126 103 80 57 34 11 116 93 70 47 24 1 106 83 60 37 14 119 96 73 50 27 4 109 86 63 40 17 122 99 76 53 30 7 112 89 66 43 20 125 102 79 56 33 10 115 92 69 46 23 
0 106 84 62 40 18 124 102 80 58 36 14 120 98 76 54 32 10 116 94 72 50 28 6 112 90 68 46 24 2 108 86 64 42 20 126 104 82 60 38 16 122 100 78 56 34 12 118 96 74 52 30 8 114 92 70 48 26 4 110 88 66 44 22 0 106 84 62 40 18 124 102 80 58 36 14 120 98 76 54 32 10 116 94 72 50 28 6 112 90 68 46 24 2 108 86 64 42 20 126 104 82 60 38 16 122 100 78 56 34 12 118 96 74 52 30 8 114 92 70 48 26 4 110 88 66 44 22 
0 107 86 65 44 23 2 109 88 67 46 25 4 111 90 69 48 27 6 113 92 71 50 29 8 115 94 73 52 31 10 117 96 75 54 33 12 119 98 77 56 35 14 121 100 79 58 37 16 123 102 81 60 39 18 125 104 83 62 41 20 127 106 85 64 43 22 1 108 87 66 45 24 3 110 89 68 47 26 5 112 91 70 49 28 7 114 93 72 51 30 9 116 95 74 53 32 11 118 97 76 55 34 13 120 99 78 57 36 15 122 101 80 59 38 17 124 103 82 61 40 19 126 105 84 63 42 21 
0 108 88 68 48 28 8 116 96 76 56 36 16 124 104 84 64 44 24 4 112 92 72 52 32 12 120 100 80 60 40 20 0 108 88 68 48 28 8 116 96 76 56 36 16 124 104 84 64 44 24 4 112 92 72 52 32 12 120 100 80 60 40 20 0 108 88 68 48 28 8 116 96 76 56 36 16 124 104 84 64 44 24 4 112 92 72 52 32 12 120 100 80 60 40 20 0 108 88 68 48 28 8 116 96 76 56 36 16 124 104 84 64 44 24 4 112 92 72 52 32 12 120 100 80 60 40 20 
0 109 90 71 52 33 14 123 104 85 66 47 28 9 118 99 80 61 42 23 4 113 94 75 56 37 18 127 108 89 70 51 32 13 122 103 84 65 46 27 8 117 98 79 60 41 22 3 112 93 74 55 36 17 126 107 88 69 50 31 12 121 102 83 64 45 26 7 116 97 78 59 40 21 2 111 92 73 54 35 16 125 106 87 68 49 30 11 120 101 82 63 44 25 6 115 96 77 58 39 20 1 110 91 72 53 34 15 124 105 86 67 48 29 10 119 100 81 62 43 24 5 114 95 76 57 38 19 
0 110 92 74 56 38 20 2 112 94 76 58 40 22 4 114 96 78 60 42 24 6 116 98 80 62 44 26 8 118 100 82 64 46 28 10 120 102 84 66 48 30 12 122 104 86 68 50 32 14 124 106 88 70 52 34 16 126 108 90 72 54 36 18 0 110 92 74 56 38 20 2 112 94 76 58 40 22 4 114 96 78 60 42 24 6 116 98 80 62 44 26 8 118 100 82 64 46 28 10 120 102 84 66 48 30 12 122 104 86 68 50 32 14 124 106 88 70 52 34 16 126 108 90 72 54 36 18 
0 111 94 77 60 43 26 9 120 103 86 69 52 35 18 1 112 95 78 61 44 27 10 121 104 87 70 53 36 19 2 113 96 79 62 45 28 11 122 105 88 71 54 37 20 3 114 97 80 63 46 29 12 123 106 89 72 55 38 21 4 115 98 81 64 47 30 13 124 107 90 73 56 39 22 5 116 99 82 65 48 31 14 125 108 91 74 57 40 23 6 117 100 83 66 49 32 15 126 109 92 75 58 41 24 7 118 101 84 67 50 33 16 127 110 93 76 59 42 25 8 119 102 85 68 51 34 17 
0 112 96 80 64 48 32 16 0 112 96 80 64 48 32 16 0 112 96 80 64 48 32 16 0 112 96 80 64 48 32 16 0 112 96 80 64 48 32 16 0 112 96 80 64 48 32 16 0 112 96 80 64 48 32 16 0 112 96 80 64 48 32 16 0 112 96 80 64 48 32 16 0 112 96 80 64 48 32 16 0 112 96 80 64 48 32 16 0 112 96 80 64 48 32 16 0 112 96 80 64 48 32 16 0 112 96 80 64 48 32 16 0 112 96 80 64 48 32 16 0 112 96 80 64 48 32 16 
0 113 98 83 68 53 38 23 8 121 106 91 76 61 46 31 16 1 114 99 84 69 54 39 24 9 122 107 92 77 62 47 32 17 2 115 100 85 70 55 40 25 10 123 108 93 78 63 48 33 18 3 116 101 86 71 56 41 26 11 124 109 94 79 64 49 34 19 4 117 102 87 72 57 42 27 12 125 110 95 80 65 50 35 20 5 118 103 88 73 58 43 28 13 126 111 96 81 66 51 36 21 6 119 104 89 74 59 44 29 14 127 112 97 82 67 52 37 22 7 120 105 90 75 60 45 30 15 
0 114 100 86 72 58 44 30 16 2 116 102 88 74 60 46 32 18 4 118 104 90 76 62 48 34 20 6 120 106 92 78 64 50 36 22 8 122 108 94 80 66 52 38 24 10 124 110 96 82 68 54 40 26 12 126 112 98 84 70 56 42 28 14 0 114 100 86 72 58 44 30 16 2 116 102 88 74 60 46 32 18 4 118 104 90 76 62 48 34 20 6 120 106 92 78 64 50 36 22 8 122 108 94 80 66 52 38 24 10 124 110 96 82 68 54 40 26 12 126 112 98 84 70 56 42 28 14 
0 115 102 89 76 63 50 37 24 11 126 113 100 87 74 61 48 35 22 9 124 111 98 85 72 59 46 33 20 7 122 109 96 83 70 57 44 31 18 5 120 107 94 81 68 55 42 29 16 3 118 105 92 79 66 53 40 27 14 1 116 103 90 77 64 51 38 25 12 127 114 101 88 75 62 49 36 23 10 125 112 99 86 73 60 47 34 21 8 123 110 97 84 71 58 45 32 19 6 121 108 95 82 69 56 43 30 17 4 119 106 93 80 67 54 41 28 15 2 117 104 91 78 65 52 39 26 13 
0 116 104 92 80 68 56 44 32 20 8 124 112 100 88 76 64 52 40 28 16 4 120 108 96 84 72 60 48 36 24 12 0 116 104 92 80 68 56 44 32 20 8 124 112 100 88 76 64 52 40 28 16 4 120 108 96 84 72 60 48 36 24 12 0 116 104 92 80 68 56 44 32 20 8 124 112 100 88 76 64 52 40 28 16 4 120 108 96 84 72 60 48 36 24 12 0 116 104 92 80 68 56 44 32 20 8 124 112 100 88 76 64 52 40 28 16 4 120 108 96 84 72 60 48 36 24 12 
0 117 106 95 84 73 62 51 40 29 18 7 124 113 102 91 80 69 58 47 36 25 14 3 120 109 98 87 76 65 54 43 32 21 10 127 116 105 94 83 72 61 50 39 28 17 6 123 112 101 90 79 68 57 46 35 24 13 2 119 108 97 86 75 64 53 42 31 20 9 126 115 104 93 82 71 60 49 38 27 16 5 122 111 100 89 78 67 56 45 34 23 12 1 118 107 96 85 74 63 52 41 30 19 8 125 114 103 92 81 70 59 48 37 26 15 4 121 110 99 88 77 66 55 44 33 22 11 
0 118 108 98 88 78 68 58 48 38 28 18 8 126 116 106 96 86 76 66 56 46 36 26 16 6 124 114 104 94 84 74 64 54 44 34 24 14 4 122 112 102 92 82 72 62 52 42 32 22 12 2 120 110 100 90 80 70 60 50 40 30 20 10 0 118 108 98 88 78 68 58 48 38 28 18 8 126 116 106 96 86 76 66 56 46 36 26 16 6 124 114 104 94 84 74 64 54 44 34 24 14 4 122 112 102 92 82 72 62 52 42 32 22 12 2 120 110 100 90 80 70 60 50 40 30 20 10 
0 119 110 101 92 83 74 65 56 47 38 29 20 11 2 121 112 103 94 85 76 67 58 49 40 31 22 13 4 123 114 105 96 87 78 69 60 51 42 33 24 15 6 125 116 107 98 89 80 71 62 53 44 35 26 17 8 127 118 109 100 91 82 73 64 55 46 37 28 19 10 1 120 111 102 93 84 75 66 57 48 39 30 21 12 3 122 113 104 95 86 77 68 59 50 41 32 23 14 5 124 115 106 97 88 79 70 61 52 43 34 25 16 7 126 117 108 99 90 81 72 63 54 45 36 27 18 9 
0 120 112 104 96 88 80 72 64 56 48 40 32 24 16 8 0 120 112 104 96 88 80 72 64 56 48 40 32 24 16 8 0 120 112 104 96 88 80 72 64 56 48 40 32 24 16 8 0 120 112 104 96 88 80 72 64 56 48 40 32 24 16 8 0 120 112 104 96 88 80 72 64 56 48 40 32 24 16 8 0 120 112 104 96 88 80 72 64 56 48 40 32 24 16 8 0 120 112 104 96 88 80 72 64 56 48 40 32 24 16 8 0 120 112 104 96 88 80 72 64 56 48 40 32 24 16 8 
0 121 114 107 100 93 86 79 72 65 58 51 44 37 30 23 16 9 2 123 116 109 102 95 88 81 74 67 60 53 46 39 32 25 18 11 4 125 118 111 104 97 90 83 76 69 62 55 48 41 34 27 20 13 6 127 120 113 106 99 92 85 78 71 64 57 50 43 36 29 22 15 8 1 122 115 108 101 94 87 80 73 66 59 52 45 38 31 24 17 10 3 124 117 110 103 96 89 82 75 68 61 54 47 40 33 26 19 12 5 126 119 112 105 98 91 84 77 70 63 56 49 42 35 28 21 14 7 
0 122 116 110 104 98 92 86 80 74 68 62 56 50 44 38 32 26 20 14 8 2 124 118 112 106 100 94 88 82 76 70 64 58 52 46 40 34 28 22 16 10 4 126 120 114 108 102 96 90 84 78 72 66 60 54 48 42 36 30 24 18 12 6 0 122 116 110 104 98 92 86 80 74 68 62 56 50 44 38 32 26 20 14 8 2 124 118 112 106 100 94 88 82 76 70 64 58 52 46 40 34 28 22 16 10 4 126 120 114 108 102 96 90 84 78 72 66 60 54 48 42 36 30 24 18 12 6 
0 123 118 113 108 103 98 93 88 83 78 73 68 63 58 53 48 43 38 33 28 23 18 13 8 3 126 121 116 111 106 101 96 91 86 81 76 71 66 61 56 51 46 41 36 31 26 21 16 11 6 1 124 119 114 109 104 99 94 89 84 79 74 69 64 59 54 49 44 39 34 29 24 19 14 9 4 127 122 117 112 107 102 97 92 87 82 77 72 67 62 57 52 47 42 37 32 27 22 17 12 7 2 125 120 115 110 105 100 95 90 85 80 75 70 65 60 55 50 45 40 35 30 25 20 15 10 5 
0 124 120 116 112 108 104 100 96 92 88 84 80 76 72 68 64 60 56 52 48 44 40 36 32 28 24 20 16 12 8 4 0 124 120 116 112 108 104 100 96 92 88 84 80 76 72 68 64 60 56 52 48 44 40 36 32 28 24 20 16 12 8 4 0 124 120 116 112 108 104 100 96 92 88 84 80 76 72 68 64 60 56 52 48 44 40 36 32 28 24 20 16 12 8 4 0 124 120 116 112 108 104 100 96 92 88 84 80 76 72 68 64 60 56 52 48 44 40 36 32 28 24 20 16 12 8 4 
0 125 122 119 116 113 110 107 104 101 98 95 92 89 86 83 80 77 74 71 68 65 62 59 56 53 50 47 44 41 38 35 32 29 26 23 20 17 14 11 8 5 2 127 124 121 118 115 112 109 106 103 100 97 94 91 88 85 82 79 76 73 70 67 64 61 58 55 52 49 46 43 40 37 34 31 28 25 22 19 16 13 10 7 4 1 126 123 120 117 114 111 108 105 102 99 96 93 90 87 84 81 78 75 72 69 66 63 60 57 54 51 48 45 42 39 36 33 30 27 24 21 18 15 12 9 6 3 
0 126 124 122 120 118 116 114 112 110 108 106 104 102 100 98 96 94 92 90 88 86 84 82 80 78 76 74 72 70 68 66 64 62 60 58 56 54 52 50 48 46 44 42 40 38 36 34 32 30 28 26 24 22 20 18 16 14 12 10 8 6 4 2 0 126 124 122 120 118 116 114 112 110 108 106 104 102 100 98 96 94 92 90 88 86 84 82 80 78 76 74 72 70 68 66 64 62 60 58 56 54 52 50 48 46 44 42 40 38 36 34 32 30 28 26 24 22 20 18 16 14 12 10 8 6 4 2 
0 127 126 125 124 123 122 121 120 119 118 117 116 115 114 113 112 111 110 109 108 107 106 105 104 103 102 101 100 99 98 97 96 95 94 93 92 91 90 89 88 87 86 85 84 83 82 81 80 79 78 77 76 75 74 73 72 71 70 69 68 67 66 65 64 63 62 61 60 59 58 57 56 55 54 53 52 51 50 49 48 47 46 45 44 43 42 41 40 39 38 37 36 35 34 33 32 31 30 29 28 27 26 25 24 23 22 21 20 19 18 17 16 15 14 13 12 11 10 9 8 7 6 5 4 3 2 1 